9836
9983
9661
9607
9096
9935
9514
9108
9126
9070
9411
9145
9092
9588
9855
9391
9887
9302
9649
9970
9179
9077
9169
9168
9414
9858
9153
9202
9165
9938
9993
9106
9575
9469
9369
9292
9295
9049
9733
9830
9233
9664
9603
9033
9628
9157
9815
9528
9472
9875
9913
9557
9029
9142
9622
9930
9296
9718
9917
9679
9543
9462
9549
9183
9694
9022
9002
9243
9204
9460
9786
9371
9255
9407
9638
9313
9549
9489
9671
9677
9719
9501
9795
9372
9379
9039
9712
9455
9147
9083
9661
9893
9553
9303
9625
9703
9594
9749
9146
9900
9848
9885
9989
9694
9478
9896
9900
9423
9169
9577
9360
9775
9017
9095
9797
9954
9648
9412
9945
9582
9430
9175
9139
9295
9413
9424
9185
9177
9792
9585
9017
9423
9065
9803
9843
9857
9701
9834
9582
9246
9148
9400
9442
9646
9179
9102
9179
9393
9145
9764
9154
9719
9466
9314
9582
9399
9789
9152
9492
9264
9602
9260
9781
9928
9717
9207
9387
9532
9979
9567
9074
9907
9760
9242
9520
9084
9254
9593
9405
9700
9404
9328
9986
9490
9294
9567
9195
9699
9198
9618
9654
9972
9067
9522
9123
9970
9155
9604
9803
9765
9619
9863
9592
9817
9423
9253
9903
9177
9574
9610
9839
9411
9769
9198
9622
9621
9797
9660
9927
9850
9651
9444
9410
9116
9138
9604
9074
9283
9928
9269
9266
9001
9419
9944
9066
9975
9470
9264
9522
9890
9067
9758
9694
9451
9234
9702
9757
9090
9063
9134
9471
9083
9560
9683
9174
9017
9107
9944
9077
9759
9747
9740
9049
9345
9165
9772
9270
9513
9177
9846
9094
9892
9810
9051
9224
9241
9530
9028
9828
9508
9011
9751
9529
9880
9881
9007
9319
9463
9286
9158
9310
9689
9696
9573
9874
9080
9371
9575
9208
9498
9031
9631
9536
9637
9831
9008
9175
9062
9460
9103
9492
9772
9251
9154
9316
9902
9517
9145
9725
9905
9936
9255
9258
9246
9693
9346
9513
9433
9276
9636
9749
9973
9262
9867
9633
9690
9172
9998
9476
9662
9485
9714
9352
9945
9208
9772
9324
9153
9966
9572
9560
9918
9454
9109
9535
9220
9204
9901
9644
9593
9083
9320
9507
9262
9612
9238
9953
9311
9189
9832
9192
9120
9564
9887
9936
9408
9487
9978
9325
9411
9221
9445
9329
9902
9795
9180
9952
9003
9201
9854
9953
9979
9454
9358
9978
9514
9363
9926
9006
9278
9108
9610
9713
9951
9240
9514
9924
9244
9495
9494
9634
9895
9919
9796
9157
9036
9159
9482
9842
9827
9381
9342
9482
9751
9255
9381
9923
9500
9606
9922
9669
9971
9836
9813
9205
9473
9976
9227
9623
9885
9303
9054
9617
9193
9742
9968
9333
9482
9920
9803
9629
9246
9620
9024
9237
9582
9545
9700
9002
9665
9774
9591
9841
9700
9008
9654
9307
9411
9740
9524
9700
9000
9771
9304
9447
9429
9062
9303
9099
9841
9804
9174
9650
9874
9690
9330
9039
9673
9824
9337
9656
9420
9408
9487
9365
9281
9301
9664
9072
9763
9847
9145
9155
9636
9910
9966
9117
9690
9847
9080
9690
9854
9326
9591
9226
9367
9219
9968
9624
9018
9522
9312
9243
9698
9186
9413
9191
9870
9984
9545
9170
9906
9043
9701
9551
9614
9505
9238
9697
9700
9804
9708
9624
9359
9462
9983
9984
9663
9903
9668
9000
9924
9743
9171
9420
9742
9197
9739
9789
9038
9727
9258
9327
9958
9840
9545
9489
9168
9980
9459
9840
9738
9784
9156
9240
9495
9588
9431
9428
9465
9969
9190
9046
9774
9263
9768
9779
9159
9464
9962
9817
9103
9654
9372
9029
9389
9106
9901
9338
9835
9519
9010
9547
9813
9426
9652
9493
9152
9655
9640
9760
9975
9887
9567
9364
9045
9764
9302
9730
9220
9718
9519
9035
9707
9652
9657
9463
9880
9901
9240
9212
9599
9431
9474
9169
9091
9062
9611
9989
9682
9623
9657
9951
9881
9327
9612
9385
9575
9336
9594
9632
9401
9427
9854
9470
9646
9924
9929
9714
9435
9565
9905
9196
9282
9770
9045
9671
9560
9860
9833
9279
9846
9138
9841
9062
9591
9380
9668
9720
9081
9216
9622
9181
9184
9063
9730
9829
9951
9793
9147
9213
9740
9051
9988
9826
9184
9203
9179
9138
9960
9230
9932
9394
9023
9467
9084
9819
9721
9012
9608
9762
9922
9781
9300
9040
9109
9634
9789
9168
9211
9764
9752
9433
9772
9515
9455
9815
9979
9128
9509
9533
9952
9469
9034
9642
9663
9676
9278
9427
9828
9780
9084
9536
9117
9791
9517
9728
9065
9451
9370
9804
9161
9823
9267
9834
9665
9156
9522
9029
9851
9043
9998
9710
9540
9663
9709
9643
9988
9063
9038
9649
9397
9791
9032
9809
9615
9884
9410
9746
9841
9161
9573
9481
9503
9995
9141
9059
9814
9295
9281
9720
9889
9161
9344
9670
9750
9833
9160
9618
9952
9833
9668
9122
9073
9916
9421
9433
9806
9320
9906
9970
9924
9012
9566
9786
9990
9153
9841
9383
9236
9718
9578
9996
9727
9284
9644
9066
9543
9338
9666
9933
9439
9035
9387
9932
9151
9255
9253
9958
9291
9968
9497
9276
9549
9384
9157
9812
9753
9068
9200
9406
9186
9262
9135
9555
9438
9914
9293
9971
9997
9524
9264
9889
9722
9742
9790
9431
9308
9840
9817
9473
9900
9559
9273
9429
9992
9563
9600
9074
9881
9719
9009
9003
9011
9650
9930
9659
9673
9628
9149
9877
9726
9621
9692
9758
9163
9477
9574
9313
9590
9607
9184
9718
9954
9168
9208
9218
9120
9762
9664
9675
9250
9844
9864
9514
9264
9580
9820
9362
9054
9691
9936
9961
9551
9893
9579
9076
9171
9898
9507
9930
9646
9600
9967
9432
9785
9967
9690
9834
9191
9398
9944
9720
9601
9754
9258
9200
9062
9061
9419
9988
9815
9927
9899
9591
9427
9041
9876
9183
9402
9727
9647
9871
9215
9438
9313
9958
9502
9212
9302
9510
9898
9614
9424
9981
9871
9378
9929
9929
9700
9998
9223
9860
9693
9836
9718
9083
9613
9847
9553
9012
9219
9931
9808
9773
9861
9024
9161
9091
9007
