209
308
778
259
857
21
549
89
189
239
19
711
593
159
669
248
765
239
886
982
691
761
45
33
186
203
882
802
40
254
176
533
401
300
785
458
841
774
951
216
657
859
396
461
360
635
154
818
975
916
257
661
727
714
382
477
920
469
293
960
342
919
472
358
321
783
615
981
636
206
795
284
849
283
947
342
260
815
999
117
625
877
408
396
959
688
71
893
251
756
613
580
677
237
785
975
936
1
323
744
683
925
919
716
626
551
113
89
746
333
806
397
294
365
779
597
638
671
91
427
801
823
462
80
523
914
780
85
997
703
707
226
990
3
922
277
949
289
932
270
782
809
546
92
493
424
28
171
501
804
673
137
479
589
63
427
826
613
513
920
402
301
316
898
27
915
205
772
312
423
109
276
813
356
670
81
165
186
161
69
789
442
459
820
32
983
435
244
80
580
665
637
821
275
711
892
878
727
259
9
418
157
340
555
971
325
454
208
420
396
918
85
528
473
926
91
854
34
840
174
671
522
11
958
556
835
969
925
637
536
210
996
115
182
879
96
542
306
606
46
535
202
407
902
46
874
42
714
40
218
482
488
461
729
153
60
667
824
448
471
64
155
601
396
572
157
362
168
671
386
117
914
193
181
986
393
755
530
189
180
692
52
449
946
624
454
497
722
335
874
792
186
476
58
440
236
714
419
880
301
333
640
364
145
977
626
400
165
168
298
323
537
475
940
913
909
733
537
478
710
481
820
189
580
902
560
485
854
897
961
296
523
537
891
462
601
116
74
159
359
180
314
390
468
424
266
572
695
101
281
43
424
636
349
884
939
484
261
788
110
846
645
821
848
792
704
866
442
472
93
178
699
588
564
992
620
996
739
352
194
360
577
370
786
59
915
933
496
119
735
479
834
829
675
830
6
816
642
226
137
790
308
659
786
868
693
301
185
378
988
349
727
307
284
853
383
103
889
214
858
365
466
815
534
91
318
939
434
504
762
487
740
188
689
222
651
197
70
227
725
43
407
26
153
984
849
328
859
834
971
686
679
588
36
459
351
534
869
321
508
130
374
243
395
897
82
291
549
730
101
826
257
556
251
661
234
19
188
546
556
901
846
899
577
363
565
31
257
649
877
282
27
821
31
338
115
262
987
731
6
122
794
975
577
627
978
42
245
208
811
909
406
652
91
749
313
120
400
890
517
693
609
78
954
257
791
719
786
978
597
723
122
304
568
278
841
421
845
412
830
360
194
437
72
503
332
490
210
47
52
178
387
125
772
989
396
641
709
542
446
586
73
907
114
508
324
236
396
107
753
668
117
375
411
4
341
556
651
992
830
237
387
108
71
280
486
641
840
909
594
519
791
215
83
761
116
539
750
661
854
672
342
806
76
589
6
814
762
468
246
250
890
89
59
507
926
307
496
574
641
190
6
523
948
579
580
236
226
302
890
341
428
970
334
617
130
353
119
124
543
567
333
142
443
956
205
603
912
345
651
65
755
519
511
443
489
215
834
639
804
573
958
953
504
32
130
634
15
876
866
227
689
223
307
437
296
47
379
65
300
952
615
202
727
800
178
282
699
978
718
768
22
30
398
233
477
617
654
327
892
310
957
676
393
464
151
58
682
573
744
297
627
792
844
200
922
17
333
512
92
787
235
294
657
518
197
385
822
24
447
550
703
86
582
763
680
845
88
584
186
147
505
972
894
560
801
977
14
695
557
677
177
613
306
398
144
582
455
751
433
140
10
239
787
502
530
247
298
567
490
15
917
438
606
827
26
166
426
972
721
613
941
245
475
727
798
651
872
235
189
723
194
753
405
356
738
559
565
330
858
842
39
779
929
63
658
702
574
163
860
219
789
768
581
710
786
190
806
149
728
990
405
910
810
104
93
85
512
50
57
885
229
516
130
988
895
742
137
828
670
429
410
665
228
581
337
945
706
597
188
900
903
124
407
550
889
692
30
281
793
894
853
937
174
933
529
951
33
697
816
369
229
99
769
744
796
366
827
803
391
72
347
452
932
212
362
181
268
331
17
163
600
724
405
383
248
56
282
928
271
297
458
210
405
744
491
200
738
36
681
974
577
507
260
782
996
897
110
547
594
455
286
263
148
725
146
976
934
832
869
146
680
964
750
2
296
801
702
151
767
69
40
83
846
60
764
427
470
913
234
774
153
677
355
621
959
720
117
553
40
813
615
48
137
316
496
444
893
256
79
419
303
717
313
42
140
896
86
869
718
363
367
774
945
587
112
232
220
508
839
505
336
24
346
811
256
570
52
831
290
