1571
1063
1096
1955
1471
1168
1658
1530
1178
1625
1166
1143
1242
1761
1919
1022
1816
1168
1739
1398
1447
1444
1514
1448
1080
1293
1099
1554
1192
1015
1838
1138
1870
1331
1366
1260
1769
1793
1481
1231
1313
1986
1841
1485
1211
1096
1950
1056
1337
1447
1386
1095
1298
1049
1525
1997
1554
1255
1075
1881
1795
1166
1566
1343
1366
1516
1579
1665
1963
1390
1906
1872
1447
1262
1011
1368
1621
1545
1147
1178
1022
1034
1208
1161
1304
1380
1973
1996
1597
1001
1657
1084
1286
1650
1825
1026
1040
1178
1567
1764
1524
1928
1529
1007
1201
1564
1774
1099
1789
1089
1737
1050
1447
1268
1479
1056
1533
1650
1264
1486
1802
1931
1030
1941
1272
1422
1679
1726
1576
1020
1222
1783
1511
1147
1748
1887
1672
1805
1840
1714
1519
1078
1569
1199
1948
1085
1412
1458
1462
1686
1500
1430
1328
1979
1401
1321
1702
1933
1236
1851
1540
1362
1312
1316
1280
1803
1614
1474
1672
1734
1417
1277
1882
1047
1019
1593
1928
1616
1098
1121
1814
1302
1458
1855
1264
1776
1012
1620
1771
1065
1685
1385
1810
1857
1553
1310
1443
1176
1936
1707
1222
1212
1343
1427
1236
1776
1162
1472
1409
1030
1711
1993
1646
1928
1817
1243
1250
1052
1395
1422
1069
1328
1589
1844
1254
1464
1934
1299
1086
1814
1632
1020
1296
1753
1472
1179
1502
1609
1183
1424
1842
1629
1945
1568
1686
1483
1634
1171
1340
1296
1883
1431
1979
1288
1423
1474
1669
1664
1284
1891
1224
1539
1331
1109
1811
1299
1307
1967
1686
1011
1046
1720
1160
1194
1720
1501
1917
1504
1074
1206
1128
1662
1367
1638
1327
1262
1365
1710
1953
1934
1096
1504
1520
1697
1227
1946
1875
1255
1881
1946
1660
1385
1403
1886
1085
1576
1120
1468
1419
1520
1387
1045
1108
1128
1309
1746
1282
1258
1337
1880
1539
1463
1595
1349
1240
1656
1183
1049
1277
1771
1896
1536
1176
1138
1767
1537
1682
1545
1593
1274
1451
1678
1133
1904
1298
1900
1996
1845
1503
1157
1293
1156
1076
1124
1064
1666
1472
1562
1077
1996
1231
1276
1101
1223
1152
1987
1919
1456
1167
1883
1397
1218
1792
1620
1664
1165
1107
1072
1049
1329
1543
1157
1760
1762
1359
1695
1412
1213
1582
1335
1415
1193
1368
1257
1931
1608
1187
1532
1579
1919
1960
1727
1299
1696
1323
1609
1848
1263
1450
1533
1186
1076
1494
1458
1628
1423
1512
1323
1997
1993
1927
1923
1172
1890
1982
1293
1388
1699
1341
1060
1318
1279
1994
1168
1514
1071
1869
1903
1046
1829
1121
1124
1226
1866
1889
1203
1191
1076
1414
1249
1693
1251
1820
1802
1904
1448
1519
1338
1175
1465
1157
1615
1723
1792
1267
1091
1910
1772
1284
1384
1344
1082
1407
1043
1353
1055
1850
1666
1434
1817
1384
1778
1220
1697
1740
1728
1094
1855
1324
1249
1079
1631
1936
1310
1816
1698
1650
1271
1447
1666
1787
1431
1027
1471
1959
1506
1617
1497
1487
1688
1578
1109
1108
1496
1706
1002
1793
1735
1760
1492
1634
1576
1609
1725
1261
1889
1711
1547
1941
1723
1877
1660
1548
1049
1306
1566
1908
1651
1703
1720
1550
1370
1865
1238
1825
1738
1513
1525
1424
1391
1302
1152
1817
1587
1873
1378
1773
1542
1540
1783
1173
1287
1691
1563
1530
1241
1297
1199
1234
1696
1930
1346
1327
1008
1601
1011
1750
1314
1309
1306
1383
1294
1610
1306
1869
1554
1718
1872
1193
1967
1606
1568
1169
1482
1314
1200
1570
1638
1250
1856
1387
1350
1515
1764
1792
1280
1445
1717
1763
1475
1386
1293
1929
1826
1411
1616
1159
1281
1111
1935
1599
1686
1807
1866
1345
1593
1549
1769
1718
1373
1023
1319
1148
1464
1083
1054
1006
1690
1951
1324
1334
1129
1234
1835
1300
1152
1876
1707
1414
1895
1770
1791
1947
1604
1300
1768
1769
1024
1278
1451
1825
1208
1811
1559
1755
1941
1422
1159
1766
1252
1353
1941
1703
1319
1363
1413
1420
1474
1472
1179
1972
1868
1056
1458
1850
1829
1410
1072
1466
1885
1404
1274
1380
1907
1128
1873
1268
1896
1493
1310
1505
1430
1612
1515
1317
1937
1370
1625
1864
1527
1061
1878
1270
1304
1097
1296
1597
1729
1802
1114
1971
1840
1051
1217
1595
1867
1025
1281
1185
1058
1691
1693
1439
1326
1699
1789
1504
1693
1264
1427
1065
1336
1257
1406
1585
1475
1179
1802
1433
1249
1892
1845
1138
1203
1006
1578
1742
1990
1576
1165
1314
1431
1350
1380
1971
1119
1142
1505
1406
1339
1038
1609
1782
1212
1026
1896
1033
1595
1376
1663
1080
1474
1514
1162
1195
1280
1420
1579
1744
1808
1603
1160
1887
1201
1504
1495
1335
1754
1810
1859
1163
1137
1485
1538
1809
1005
1538
1022
1808
1858
1436
1047
1512
1443
1833
1486
1047
1968
1751
1228
1005
1865
1651
1297
1934
1891
1899
1641
1501
1877
1956
1204
1337
1575
1277
1142
1935
1607
1271
1270
1676
1719
1912
1160
1978
1209
1514
1591
1836
1592
1961
1429
1504
1338
1220
1393
1895
1770
1243
1571
1319
1030
1508
1005
1597
1344
1279
1142
1160
1697
1365
1450
1720
1426
1551
1033
1280
1158
1130
1681
1742
1009
1963
1343
1127
1911
1239
1695
1490
1510
1725
1111
1922
1083
1604
1040
1652
1551
1125
1541
1154
1750
1221
1467
1329
1801
1920
1580
1295
1569
1837
1725
1044
1946
1317
1997
1256
1908
1794
1770
1842
1093
1767
1334
1374
1926
1391
1861
1424
1191
1037
1358
1969
1282
1355
1334
1447
1276
1296
1889
1749
1428
1277
1031
1419
1598
1175
1148
1604
1664
1107
1645
1837
1968
1034
1982
1570
1406
1055
1489
1487
1870
1898
1610
1003
1351
1502
1443
1061
1169
1800
1772
1243
1490
1756
1077
1505
1471
1481
1388
1306
1151
1764
1203
1748
1459
1694
1136
1385
1517
1119
1377
1741
1769
1572
1556
1211
1312
1967
1078
