2946
2223
2775
2563
2527
2596
2647
2587
2700
2477
2411
2507
2251
2855
2189
2821
2102
2420
2928
2146
2075
2837
2977
2608
2348
2868
2475
2173
2564
2816
2226
2180
2660
2383
2427
2168
2022
2235
2065
2867
2223
2282
2076
2105
2672
2904
2375
2262
2797
2148
2685
2796
2921
2218
2690
2352
2910
2414
2396
2897
2765
2060
2783
2370
2783
2831
2702
2359
2599
2354
2774
2377
2415
2894
2464
2451
2983
2439
2861
2818
2471
2531
2695
2733
2138
2721
2019
2567
2898
2641
2573
2605
2210
2288
2268
2210
2415
2269
2426
2322
2600
2429
2357
2564
2299
2514
2639
2591
2865
2246
2958
2700
2120
2465
2723
2135
2014
2811
2722
2959
2336
2740
2006
2854
2199
2544
2794
2721
2916
2447
2684
2460
2111
2770
2631
2941
2383
2629
2184
2712
2600
2626
2229
2683
2965
2502
2082
2638
2316
2787
2090
2178
2730
2077
2035
2364
2397
2671
2554
2150
2898
2951
2456
2435
2492
2090
2309
2412
2717
2353
2900
2750
2665
2527
2212
2990
2574
2766
2392
2506
2939
2479
2738
2280
2250
2667
2160
2753
2547
2561
2678
2989
2474
2228
2501
2467
2148
2317
2917
2859
2196
2029
2751
2252
2562
2914
2404
2444
2224
2105
2584
2054
2803
2179
2645
2427
2156
2889
2109
2523
2434
2662
2334
2235
2744
2878
2490
2886
2550
2658
2960
2962
2119
2066
2062
2485
2909
2399
2483
2852
2526
2497
2164
2324
2002
2836
2443
2841
2488
2458
2163
2295
2092
2719
2081
2914
2544
2175
2389
2926
2516
2911
2333
2284
2994
2040
2962
2796
2775
2116
2788
2647
2288
2712
2719
2003
2208
2488
2960
2008
2985
2645
2725
2297
2273
2786
2471
2843
2433
2859
2097
2771
2732
2029
2993
2601
2591
2033
2086
2224
2267
2847
2048
2785
2634
2216
2676
2599
2313
2958
2007
2134
2275
2744
2145
2095
2150
2467
2901
2650
2945
2163
2322
2858
2527
2935
2866
2476
2252
2234
2512
2361
2369
2397
2354
2881
2375
2329
2312
2865
2338
2784
2420
2848
2301
2797
2784
2582
2286
2424
2716
2035
2071
2095
2723
2423
2895
2583
2019
2091
2443
2777
2968
2458
2026
2222
2393
2602
2625
2632
2011
2467
2573
2415
2347
2157
2005
2558
2344
2209
2844
2125
2564
2293
2014
2974
2288
2296
2774
2275
2069
2326
2561
2843
2271
2791
2483
2302
2923
2310
2669
2625
2777
2912
2982
2645
2793
2646
2253
2717
2433
2476
2048
2846
2994
2078
2172
2207
2972
2953
2567
2220
2854
2090
2989
2998
2026
2266
2871
2270
2500
2955
2081
2633
2984
2719
2851
2302
2406
2939
2021
2368
2388
2664
2894
2920
2311
2417
2387
2326
2577
2810
2918
2350
2343
2895
2404
2792
2570
2285
2043
2787
2454
2210
2094
2964
2396
2841
2687
2190
2519
2398
2826
2726
2347
2820
2115
2240
2681
2981
2436
2267
2888
2774
2734
2385
2803
2690
2329
2602
2173
2850
2664
2165
2120
2872
2216
2316
2416
2337
2369
2271
2438
2078
2401
2103
2572
2995
2392
2011
2478
2599
2777
2905
2057
2041
2465
2143
2217
2939
2943
2726
2479
2928
2544
2250
2315
2494
2100
2435
2602
2298
2545
2110
2984
2932
2630
2123
2015
2725
2812
2747
2890
2025
2536
2834
2236
2139
2620
2106
2942
2947
2133
2732
2206
2062
2229
2540
2062
2285
2660
2021
2421
2019
2282
2560
2283
2265
2730
2192
2145
2770
2585
2526
2772
2956
2758
2399
2460
2233
2550
2232
2631
2445
2799
2045
2091
2227
2833
2566
2573
2245
2442
2886
2260
2419
2968
2700
2806
2437
2678
2220
2015
2100
2005
2489
2747
2295
2895
2980
2782
2666
2465
2019
2396
2412
2416
2801
2085
2942
2130
2516
2470
2562
2240
2361
2684
2716
2458
2027
2656
2818
2893
2588
2587
2126
2659
2589
2559
2672
2548
2524
2657
2763
2716
2820
2218
2159
2830
2933
2801
2634
2888
2112
2270
2249
2964
2953
2947
2352
2476
2888
2114
2994
2167
2370
2300
2190
2891
2599
2677
2209
2466
2325
2576
2874
2312
2404
2622
2659
2325
2522
2210
2243
2455
2736
2106
2038
2759
2253
2747
2160
2261
2178
2423
2217
2846
2802
2893
2297
2515
2354
2143
2534
2785
2059
2947
2673
2699
2771
2582
2121
2917
2390
2587
2086
2600
2805
2707
2523
2374
2091
2236
2794
2472
2268
2832
2111
2260
2001
2476
2102
2774
2258
2682
2052
2520
2065
2232
2709
2782
2214
2692
2824
2918
2941
2708
2965
2594
2396
2628
2548
2779
2949
2282
2396
2330
2203
2884
2629
2404
2937
2851
2146
2555
2033
2046
2458
2311
2877
2330
2201
2204
2635
2579
2192
2739
2263
2294
2530
2554
2127
2723
2851
2034
2609
2974
2521
2027
2131
2956
2251
2867
2647
2085
2339
2848
2720
2625
2506
2418
2007
2211
2083
2862
2106
2571
2126
2945
2465
2712
2887
2023
2276
2876
2956
2405
2068
2381
2312
2364
2002
2052
2444
2017
2713
2327
2697
2460
2931
2290
2023
2957
2976
2797
2310
2690
2684
2605
2585
2562
2277
2914
2458
2812
2161
2977
2311
2734
2694
2564
2920
2660
2496
2839
2362
2427
2976
2886
2329
2977
2349
2507
2180
2400
2597
2099
2397
2678
2474
2401
2409
2632
2895
2641
2095
2084
2768
2150
2686
2059
2629
2831
2175
2898
2220
2939
2803
2558
2506
2544
2668
2974
2477
2678
2003
2316
2507
2601
2224
2150
2942
2869
2403
2016
2070
2864
2436
2692
2621
2231
2808
2477
2450
2249
2515
2122
2142
2469
2412
2688
2824
2136
2960
2479
2644
2754
2144
2364
2951
2892
2078
2286
2478
2780
2664
2455
2459
2483
2517
2766
2913
2494
2256
2268
2077
2399
2155
2090
2278
2832
2133
2096
2372
2364
2997
2682
2251
2077
2896
2533
2811
2549
2956
2895
2213
2678
2162
2873
2216
2272
2635
2551
2880
2630
2603
2259
2926
2389
2508
2171
2636
2754
2917
2489
2228
2872
2106
2903
2275
2492
2459
2643
2891
2275
2108
2443
2077
2046
2566
