3931
3840
3076
3454
3489
3427
3974
3807
3444
3319
3111
3862
3497
3400
3579
3673
3685
3082
3567
3379
3795
3019
3695
3457
3079
3446
3276
3838
3328
3118
3720
3326
3836
3266
3257
3366
3563
3006
3982
3850
3850
3144
3747
3301
3359
3370
3801
3475
3542
3452
3190
3163
3815
3113
3835
3706
3793
3970
3903
3553
3399
3060
3555
3002
3393
3210
3389
3106
3880
3738
3960
3635
3661
3755
3533
3876
3860
3651
3865
3012
3140
3154
3137
3793
3928
3765
3368
3228
3538
3221
3528
3057
3734
3122
3340
3841
3313
3770
3208
3606
3507
3791
3040
3121
3577
3136
3765
3031
3812
3589
3197
3295
3211
3024
3531
3578
3576
3261
3160
3521
3369
3508
3684
3102
3666
3077
3964
3606
3771
3260
3803
3110
3559
3009
3409
3721
3441
3306
3057
3275
3885
3962
3499
3612
3820
3883
3540
3036
3884
3718
3837
3072
3383
3223
3445
3182
3055
3567
3828
3659
3204
3316
3067
3532
3539
3783
3785
3939
3103
3973
3851
3103
3009
3419
3290
3730
3295
3762
3954
3380
3125
3084
3391
3125
3711
3621
3060
3587
3813
3668
3512
3287
3376
3231
3391
3068
3918
3179
3146
3265
3535
3448
3175
3171
3021
3165
3691
3348
3410
3369
3004
3253
3432
3389
3030
3699
3763
3854
3839
3695
3676
3701
3693
3278
3678
3557
3611
3054
3981
3314
3706
3312
3208
3794
3653
3718
3565
3904
3472
3805
3810
3809
3428
3712
3758
3244
3282
3853
3719
3252
3285
3524
3233
3299
3304
3759
3683
3945
3203
3079
3904
3985
3143
3214
3701
3242
3764
3238
3244
3024
3335
3032
3700
3555
3802
3467
3090
3596
3346
3202
3277
3857
3478
3527
3200
3715
3952
3266
3955
3243
3732
3342
3099
3538
3079
3262
3575
3841
3349
3406
3014
3036
3459
3755
3768
3664
3104
3363
3911
3726
3695
3687
3641
3204
3710
3641
3938
3390
3585
3078
3104
3838
3544
3268
3797
3000
3803
3797
3487
3368
3370
3246
3839
3265
3289
3949
3370
3252
3537
3115
3909
3500
3931
3588
3765
3352
3367
3584
3235
3765
3403
3795
3090
3252
3717
3361
3885
3454
3253
3355
3564
3486
3921
3558
3586
3784
3574
3547
3959
3211
3601
3297
3943
3873
3883
3791
3848
3169
3065
3405
3328
3346
3029
3167
3779
3989
3255
3321
3994
3662
3239
3053
3014
3151
3483
3588
3178
3606
3659
3386
3767
3177
3414
3573
3250
3635
3965
3305
3078
3862
3029
3281
3175
3013
3915
3173
3750
3624
3533
3400
3836
3944
3926
3234
3999
3268
3438
3954
3991
3124
3024
3419
3734
3752
3285
3186
3912
3416
3772
3033
3622
3762
3734
3561
3982
3590
3016
3351
3351
3153
3997
3014
3791
3303
3557
3361
3753
3597
3824
3816
3505
3793
3076
3163
3690
3975
3532
3691
3565
3937
3938
3779
3869
3350
3784
3071
3977
3651
3701
3375
3001
3587
3106
3604
3740
3802
3432
3152
3947
3917
3343
3298
3201
3076
3186
3408
3784
3038
3554
3941
3362
3508
3238
3526
3929
3549
3046
3657
3433
3593
3916
3887
3750
3793
3530
3745
3160
3185
3135
3978
3311
3423
3622
3167
3714
3626
3981
3167
3168
3258
3155
3323
3184
3780
3937
3941
3368
3245
3034
3982
3945
3938
3604
3574
3083
3592
3599
3506
3452
3762
3016
3499
3500
3392
3723
3748
3229
3730
3885
3882
3922
3299
3113
3244
3101
3748
3395
3152
3209
3081
3545
3577
3952
3906
3366
3497
3974
3106
3995
3063
3536
3527
3909
3562
3210
3085
3898
3102
3132
3993
3906
3878
3243
3635
3002
3861
3088
3001
3921
3759
3167
3477
3541
3139
3512
3224
3378
3671
3194
3346
3701
3556
3679
3537
3120
3336
3553
3908
3602
3446
3911
3279
3679
3069
3866
3277
3262
3076
3983
3222
3872
3100
3150
3924
3282
3075
3328
3190
3556
3894
3867
3062
3196
3203
3593
3538
3647
3709
3668
3816
3746
3828
3302
3901
3753
3907
3752
3739
3523
3762
3698
3938
3008
3771
3997
3506
3710
3304
3020
3989
3969
3828
3273
3837
3901
3656
3760
3840
3663
3926
3592
3970
3213
3050
3689
3053
3134
3592
3015
3257
3173
3253
3687
3525
3093
3391
3474
3691
3087
3303
3651
3251
3506
3321
3906
3430
3878
3615
3028
3447
3238
3483
3379
3649
3612
3837
3758
3506
3075
3521
3106
3263
3182
3080
3652
3455
3750
3616
3515
3355
3871
3403
3501
3869
3793
3997
3779
3372
3772
3687
3445
3426
3321
3265
3467
3402
3287
3266
3390
3543
3113
3997
3239
3098
3172
3953
3505
3800
3562
3410
3717
3071
3858
3341
3091
3064
3352
3076
3978
3810
3013
3496
3343
3537
3965
3944
3298
3457
3578
3432
3814
3147
3361
3179
3074
3989
3738
3001
3585
3978
3422
3561
3081
3638
3558
3056
3458
3691
3022
3456
3472
3603
3255
3043
3681
3112
3809
3614
3182
3378
3328
3378
3007
3441
3050
3288
3650
3263
3021
3251
3115
3762
3141
3444
3007
3864
3837
3735
3680
3811
3622
3045
3162
3665
3079
3319
3624
3175
3796
3685
3420
3975
3642
3262
3340
3374
3314
3061
3561
3820
3526
3370
3916
3524
3297
3040
3539
3597
3792
3112
3649
3500
3864
3335
3195
3562
3934
3163
3389
3820
3163
3027
3668
3457
3897
3781
3482
3664
3236
3453
3392
3851
3198
3647
3367
3737
3335
3203
3852
3009
3893
3019
3096
3912
3521
3235
3512
3353
3339
3370
3324
3840
3657
3358
3560
3841
3998
3849
3546
3982
3134
3597
3393
3810
3739
3226
3621
3731
3928
3178
3001
3127
3360
3178
3865
3593
3841
3148
3658
3690
3323
3057
3249
3599
3021
3887
3570
3609
3892
3511
3489
3391
3100
3000
3416
3630
3180
3598
3064
3687
3569
3361
3914
3616
3803
3255
3439
3049
3212
3303
3835
3157
3126
3270
3041
3160
3716
3207
3136
3617
3321
3125
3761
3038
3795
3004
3094
3197
3707
3329
3024
3893
3432
3325
3628
3812
3101
3151
3713
3552
3075
3329
3212
3869
3144
3845
3476
3661
3902
3435
