4025
4251
4833
4776
4208
4090
4486
4485
4267
4066
4724
4051
4741
4243
4471
4080
4794
4000
4536
4556
4017
4208
4094
4089
4476
4316
4124
4517
4306
4939
4665
4602
4951
4831
4043
4957
4217
4920
4335
4812
4670
4433
4182
4694
4569
4988
4771
4591
4408
4952
4181
4746
4396
4269
4566
4757
4640
4454
4611
4283
4607
4409
4491
4300
4445
4274
4139
4487
4116
4551
4940
4047
4860
4354
4146
4972
4448
4738
4154
4545
4814
4707
4529
4627
4125
4700
4089
4146
4097
4056
4645
4009
4357
4189
4001
4566
4972
4998
4640
4684
4826
4339
4127
4399
4393
4216
4617
4122
4608
4712
4030
4368
4941
4600
4379
4035
4495
4985
4474
4291
4928
4302
4707
4294
4278
4473
4919
4031
4299
4078
4409
4791
4759
4917
4987
4933
4262
4453
4605
4881
4533
4238
4498
4493
4798
4549
4971
4285
4826
4200
4916
4272
4457
4625
4915
4578
4923
4163
4307
4308
4113
4658
4908
4644
4967
4377
4168
4519
4574
4521
4447
4731
4177
4506
4702
4873
4217
4586
4367
4968
4751
4316
4401
4300
4055
4807
4469
4502
4009
4737
4040
4631
4890
4602
4707
4601
4541
4716
4415
4037
4479
4113
4383
4377
4419
4568
4428
4748
4849
4637
4086
4000
4734
4773
4378
4041
4197
4320
4352
4522
4007
4384
4534
4754
4014
4406
4247
4707
4262
4516
4357
4835
4353
4631
4371
4487
4782
4591
4965
4667
4401
4556
4990
4915
4846
4286
4671
4196
4769
4926
4269
4763
4980
4372
4720
4085
4142
4353
4842
4127
4500
4890
4553
4426
4228
4906
4165
4675
4388
4353
4198
4748
4136
4406
4412
4420
4792
4910
4643
4333
4620
4518
4851
4136
4666
4679
4279
4081
4826
4922
4943
4807
4361
4668
4777
4449
4474
4167
4632
4736
4177
4999
4969
4198
4611
4995
4547
4188
4182
4357
4612
4962
4370
4215
4094
4693
4819
4866
4112
4891
4378
4441
4645
4407
4091
4831
4557
4871
4727
4261
4323
4135
4362
4040
4672
4079
4672
4653
4082
4906
4058
4555
4520
4868
4468
4710
4061
4242
4791
4206
4072
4244
4989
4001
4447
4470
4720
4208
4973
4438
4071
4123
4300
4735
4147
4602
4111
4324
4700
4267
4077
4577
4665
4463
4839
4686
4492
4859
4825
4204
4376
4057
4940
4593
4100
4607
4257
4842
4967
4407
4687
4382
4469
4495
4197
4791
4684
4933
4602
4004
4097
4563
4106
4061
4481
4136
4746
4734
4709
4532
4668
4723
4890
4490
4652
4508
4015
4589
4657
4350
4386
4006
4240
4377
4445
4895
4552
4181
4288
4147
4323
4846
4038
4638
4633
4881
4486
4038
4532
4090
4881
4703
4525
4030
4511
4163
4778
4313
4774
4257
4406
4721
4763
4993
4589
4737
4011
4838
4372
4889
4899
4227
4917
4996
4456
4743
4653
4262
4688
4602
4266
4922
4317
4795
4679
4050
4867
4451
4250
4983
4267
4810
4202
4756
4773
4454
4899
4877
4849
4309
4956
4745
4790
4281
4346
4041
4293
4313
4569
4438
4899
4050
4717
4066
4181
4279
4712
4263
4871
4815
4336
4280
4608
4491
4689
4755
4873
4510
4579
4012
4746
4474
4965
4409
4534
4034
4993
4270
4986
4253
4332
4191
4758
4449
4512
4854
4049
4515
4697
4817
4807
4437
4871
4150
4744
4997
4718
4187
4451
4504
4578
4114
4267
4658
4747
4605
4214
4589
4016
4194
4213
4466
4819
4657
4007
4030
4553
4199
4712
4847
4647
4883
4671
4086
4735
4362
4334
4135
4853
4612
4231
4446
4920
4115
4692
4562
4903
4605
4884
4418
4946
4312
4890
4638
4471
4368
4012
4750
4684
4915
4233
4949
4209
4271
4754
4253
4577
4398
4859
4727
4133
4859
4918
4693
4497
4360
4194
4731
4112
4971
4281
4622
4544
4126
4406
4269
4176
4551
4541
4105
4605
4306
4252
4417
4611
4286
4479
4522
4794
4597
4993
4772
4077
4443
4098
4894
4108
4315
4270
4277
4203
4531
4788
4424
4904
4411
4124
4956
4401
4678
4786
4193
4036
4986
4543
4619
4862
4842
4492
4196
4761
4548
4221
4849
4947
4241
4389
4176
4747
4515
4422
4843
4472
4622
4645
4928
4800
4727
4120
4925
4579
4262
4640
4029
4133
4965
4818
4784
4190
4820
4993
4176
4306
4727
4708
4775
4253
4414
4838
4582
4149
4774
4086
4832
4257
4571
4411
4112
4294
4190
4177
4813
4737
4907
4218
4106
4153
4973
4784
4350
4747
4677
4329
4083
4438
4392
4417
4515
4515
4581
4573
4760
4571
4636
4816
4867
4759
4434
4678
4084
4586
4487
4028
4700
4388
4601
4635
4212
4368
4044
4448
4559
4551
4312
4826
4637
4325
4725
4474
4336
4268
4240
4701
4903
4842
4079
4710
4517
4112
4977
4029
4583
4119
4141
4850
4392
4658
4270
4026
4490
4232
4339
4672
4299
4682
4169
4878
4283
4519
4219
4792
4216
4326
4443
4456
4933
4645
4471
4097
4265
4704
4915
4253
4728
4928
4029
4007
4953
4671
4572
4826
4754
4795
4233
4981
4201
4728
4603
4284
4063
4440
4328
4934
4499
4284
4715
4603
4946
4061
4773
4462
4727
4749
4394
4806
4018
4245
4149
4040
4486
4187
4946
4290
4051
4366
4637
4616
4984
4487
4487
4834
4748
4096
4348
4234
4806
4284
4233
4081
4895
4360
4991
4628
4121
4110
4730
4523
4587
4350
4636
4917
4167
4481
4909
4269
4476
4433
4579
4841
4048
4903
4076
4148
4210
4065
4569
4163
4188
4018
4242
4909
4529
4037
4885
4187
4991
4367
4393
4578
4702
4675
4029
4520
4527
4477
4604
4235
4233
4824
4036
4498
4320
4271
4113
4760
4047
4721
4659
4949
4539
4991
4733
4330
4588
4105
4918
4185
4170
4140
4239
4700
4514
4156
4787
4389
4982
4137
4600
4553
4950
4121
4011
4813
4346
4681
4191
4457
4464
4712
4309
4445
4245
4027
4365
4214
4230
4634
4462
4043
4007
4661
4003
4632
4060
4836
4056
4718
4618
4088
4938
4010
4244
4330
4861
4454
4643
4713
4366
4866
4393
4688
4124
4247
4098
4029
4634
4706
4731
4543
4256
