5749
5831
5595
5025
5843
5514
5715
5685
5597
5223
5510
5427
5583
5531
5792
5878
5832
5283
5382
5013
5290
5874
5278
5765
5061
5451
5988
5301
5124
5416
5637
5102
5277
5673
5108
5242
5490
5686
5857
5495
5503
5567
5268
5197
5470
5092
5350
5116
5660
5749
5339
5938
5793
5678
5316
5340
5322
5626
5239
5062
5112
5850
5900
5826
5279
5236
5195
5422
5631
5776
5738
5792
5048
5936
5298
5491
5359
5386
5761
5474
5756
5019
5313
5742
5541
5182
5323
5045
5064
5569
5975
5470
5037
5277
5030
5481
5008
5114
5245
5649
5687
5373
5853
5134
5964
5914
5238
5717
5957
5614
5366
5019
5104
5921
5808
5425
5388
5500
5228
5057
5033
5759
5001
5113
5636
5306
5238
5797
5501
5264
5864
5055
5151
5707
5563
5353
5357
5414
5313
5744
5761
5531
5000
5572
5154
5718
5051
5250
5709
5853
5352
5675
5063
5365
5746
5029
5922
5855
5277
5889
5009
5720
5949
5812
5555
5149
5203
5814
5190
5964
5470
5451
5084
5510
5162
5532
5378
5961
5189
5854
5492
5199
5632
5712
5685
5654
5520
5385
5327
5331
5742
5211
5681
5570
5006
5361
5676
5962
5432
5936
5032
5233
5759
5523
5328
5855
5426
5958
5080
5578
5731
5606
5671
5108
5099
5135
5004
5647
5023
5398
5105
5077
5603
5758
5488
5170
5723
5903
5003
5303
5834
5959
5051
5820
5969
5502
5511
5368
5106
5895
5450
5221
5247
5220
5718
5886
5605
5959
5811
5025
5104
5507
5981
5055
5999
5522
5411
5618
5790
5129
5446
5473
5775
5958
5254
5280
5513
5080
5038
5157
5175
5957
5864
5863
5316
5613
5471
5955
5803
5388
5953
5290
5771
5796
5048
5786
5277
5196
5868
5469
5971
5209
5299
5419
5502
5111
5983
5412
5556
5652
5730
5704
5427
5153
5450
5636
5720
5015
5232
5474
5371
5203
5953
5168
5446
5670
5920
5540
5280
5124
5392
5710
5428
5026
5451
5484
5494
5215
5658
5785
5407
5111
5093
5174
5890
5968
5885
5934
5889
5332
5095
5219
5494
5409
5873
5271
5478
5772
5129
5772
5892
5514
5569
5976
5286
5660
5849
5408
5069
5457
5767
5528
5145
5896
5846
5985
5498
5691
5453
5752
5601
5756
5537
5707
5585
5124
5441
5999
5902
5162
5775
5811
5821
5881
5210
5021
5461
5128
5211
5579
5236
5420
5113
5354
5510
5290
5695
5614
5999
5994
5354
5282
5927
5623
5255
5575
5271
5721
5410
5701
5444
5733
5425
5802
5647
5762
5790
5438
5726
5363
5983
5536
5792
5363
5306
5847
5030
5970
5357
5666
5122
5763
5255
5759
5424
5523
5250
5199
5612
5218
5180
5080
5781
5893
5263
5887
5104
5661
5122
5626
5036
5455
5557
5716
5682
5727
5506
5996
5410
5800
5834
5186
5994
5173
5098
5556
5585
5665
5169
5578
5586
5922
5669
5853
5052
5478
5490
5652
5627
5257
5290
5016
5097
5133
5730
5458
5597
5907
5415
5971
5162
5885
5937
5220
5803
5023
5157
5525
5536
5483
5887
5456
5810
5320
5426
5654
5615
5932
5974
5810
5137
5862
5833
5534
5189
5501
5415
5255
5827
5266
5522
5160
5492
5863
5062
5631
5716
5309
5340
5597
5979
5498
5346
5696
5523
5219
5001
5195
5057
5727
5144
5140
5085
5117
5169
5324
5235
5023
5604
5251
5365
5403
5595
5451
5431
5457
5214
5164
5040
5059
5747
5622
5389
5427
5642
5912
5809
5140
5566
5672
5450
5037
5147
5680
5739
5952
5281
5718
5125
5762
5582
5993
5257
5672
5425
5762
5221
5272
5280
5756
5637
5406
5478
5468
5463
5545
5361
5338
5080
5958
5780
5422
5863
5657
5243
5157
5725
5789
5647
5453
5286
5858
5384
5437
5209
5942
5818
5825
5947
5839
5555
5100
5595
5922
5682
5361
5812
5297
5169
5960
5796
5793
5908
5829
5120
5182
5456
5683
5818
5993
5417
5146
5502
5271
5512
5193
5435
5620
5839
5218
5424
5921
5515
5462
5137
5194
5869
5485
5913
5152
5643
5888
5451
5154
5187
5485
5807
5426
5472
5693
5980
5581
5849
5008
5989
5762
5894
5026
5761
5914
5306
5646
5325
5052
5844
5738
5787
5656
5464
5821
5299
5720
5364
5984
5793
5330
5450
5592
5534
5095
5788
5127
5652
5173
5986
5815
5710
5128
5096
5614
5979
5352
5530
5475
5572
5340
5706
5776
5787
5666
5610
5249
5009
5110
5250
5736
5307
5027
5989
5625
5439
5711
5115
5875
5294
5197
5586
5132
5954
5692
5786
5539
5447
5546
5313
5512
5962
5514
5268
5931
5762
5834
5228
5884
5284
5539
5145
5387
5938
5268
5673
5233
5952
5783
5025
5465
5173
5342
5307
5778
5152
5032
5442
5545
5945
5212
5187
5040
5057
5221
5480
5884
5632
5605
5318
5677
5513
5195
5654
5308
5075
5527
5321
5402
5801
5234
5847
5997
5406
5264
5133
5547
5948
5971
5319
5039
5773
5431
5909
5099
5317
5575
5093
5704
5782
5083
5519
5260
5429
5344
5234
5625
5770
5125
5313
5858
5271
5069
5824
5335
5246
5537
5056
5179
5526
5810
5658
5836
5108
5173
5203
5017
5479
5953
5937
5160
5472
5117
5912
5035
5555
5693
5523
5097
5223
5869
5467
5728
5713
5299
5507
5546
5628
5863
5011
5578
5172
5814
5145
5168
5603
5058
5755
5194
5197
5046
5446
5288
5504
5621
5076
5524
5901
5000
5937
5239
5506
5946
5149
5442
5303
5118
5404
5587
5951
5518
5049
5282
5106
5949
5630
5928
5243
5374
5456
5132
5923
5152
5429
5200
5139
5162
5393
5963
5909
5934
5498
5698
5539
5064
5644
5896
5050
5318
5882
5241
5127
5064
5772
5184
5544
5864
5083
5175
5444
5344
5892
5721
5038
5730
5100
5150
5259
5784
5608
5145
5653
5185
5928
5882
5323
5840
5778
5856
5057
5970
5317
5312
5864
5297
5017
5502
5025
5130
5809
5883
5407
5644
5091
5767
5241
5193
5344
5849
5784
5087
5628
5516
5279
5824
5979
5833
5412
5449
5779
5615
5026
5342
5491
5058
5209
5455
5777
5995
5981
5723
5907
5944
5722
5166
