6515
6777
6180
6957
6251
6024
6336
6559
6582
6518
6708
6914
6027
6355
6643
6507
6403
6901
6021
6074
6241
6880
6338
6670
6394
6439
6554
6757
6986
6418
6219
6039
6302
6991
6335
6739
6884
6236
6155
6153
6128
6186
6576
6372
6903
6389
6114
6220
6293
6036
6474
6599
6361
6264
6596
6672
6977
6339
6677
6478
6124
6033
6069
6893
6760
6663
6155
6107
6304
6942
6263
6116
6002
6992
6437
6077
6984
6637
6410
6770
6608
6339
6444
6817
6751
6964
6786
6747
6095
6906
6384
6488
6078
6936
6140
6373
6110
6593
6437
6275
6848
6806
6879
6070
6831
6939
6203
6228
6527
6443
6082
6961
6882
6788
6127
6017
6813
6448
6710
6934
6696
6272
6389
6239
6753
6697
6598
6913
6481
6912
6965
6152
6648
6266
6086
6339
6186
6907
6843
6963
6259
6914
6373
6107
6145
6923
6614
6053
6106
6577
6959
6485
6297
6962
6905
6765
6907
6555
6759
6746
6149
6110
6390
6639
6413
6345
6743
6528
6885
6245
6332
6209
6209
6298
6197
6177
6295
6006
6900
6761
6241
6551
6953
6568
6410
6613
6716
6668
6114
6924
6192
6172
6034
6323
6365
6178
6443
6718
6654
6355
6554
6619
6842
6798
6801
6611
6366
6183
6710
6429
6142
6638
6031
6097
6231
6219
6223
6943
6494
6350
6979
6141
6071
6076
6441
6860
6930
6550
6915
6020
6977
6726
6426
6107
6191
6829
6187
6512
6068
6825
6121
6366
6171
6760
6893
6902
6990
6548
6531
6973
6377
6506
6599
6467
6777
6695
6056
6991
6143
6921
6398
6413
6896
6068
6403
6538
6541
6274
6835
6428
6592
6381
6728
6688
6244
6960
6494
6306
6878
6193
6918
6494
6787
6851
6272
6340
6755
6632
6185
6973
6967
6143
6632
6402
6531
6905
6359
6095
6341
6838
6365
6930
6310
6846
6567
6112
6062
6244
6653
6241
6028
6021
6187
6789
6500
6112
6462
6872
6610
6127
6250
6339
6400
6299
6552
6891
6105
6688
6694
6152
6525
6076
6637
6362
6901
6329
6131
6616
6020
6470
6489
6415
6358
6089
6038
6599
6969
6257
6010
6605
6464
6566
6532
6423
6865
6500
6561
6503
6360
6878
6144
6376
6957
6745
6088
6713
6830
6692
6237
6089
6721
6267
6822
6757
6099
6840
6002
6348
6895
6986
6596
6510
6556
6257
6162
6149
6835
6937
6058
6142
6220
6267
6830
6065
6131
6420
6319
6747
6074
6439
6144
6245
6734
6212
6819
6099
6596
6562
6621
6611
6049
6465
6449
6235
6097
6441
6368
6058
6726
6177
6205
6806
6706
6563
6571
6746
6112
6353
6930
6375
6102
6863
6919
6775
6601
6248
6899
6117
6339
6092
6879
6829
6341
6309
6313
6610
6371
6556
6964
6594
6022
6709
6962
6648
6104
6221
6435
6022
6736
6581
6610
6282
6101
6433
6061
6758
6100
6358
6877
6524
6262
6769
6879
6286
6143
6818
6655
6397
6086
6763
6097
6632
6668
6742
6350
6294
6376
6515
6546
6661
6056
6291
6470
6806
6455
6436
6361
6313
6746
6492
6364
6499
6273
6637
6780
6325
6862
6465
6130
6290
6982
6702
6236
6266
6695
6257
6985
6403
6827
6872
6140
6946
6035
6424
6635
6060
6468
6873
6028
6513
6560
6735
6422
6383
6054
6901
6973
6815
6758
6629
6289
6166
6676
6515
6420
6836
6110
6300
6846
6482
6023
6451
6871
6266
6497
6541
6076
6311
6347
6595
6054
6537
6067
6731
6456
6617
6092
6630
6510
6878
6015
6580
6545
6586
6771
6112
6746
6213
6026
6532
6304
6951
6950
6971
6364
6965
6321
6933
6699
6603
6430
6698
6829
6081
6564
6358
6369
6926
6978
6713
6793
6851
6068
6716
6384
6548
6205
6686
6118
6330
6049
6028
6392
6453
6433
6791
6023
6431
6887
6977
6684
6637
6655
6163
6014
6011
6625
6648
6957
6762
6938
6060
6494
6512
6167
6048
6823
6486
6854
6480
6233
6964
6908
6321
6333
6418
6800
6235
6089
6445
6771
6750
6067
6891
6299
6748
6658
6275
6857
6961
6563
6989
6631
6058
6745
6544
6201
6935
6129
6519
6386
6802
6831
6772
6344
6704
6314
6880
6798
6180
6939
6777
6695
6887
6582
6004
6947
6133
6563
6056
6914
6411
6973
6825
6182
6275
6561
6260
6774
6067
6774
6958
6361
6298
6184
6566
6238
6777
6506
6537
6757
6874
6650
6023
6721
6696
6745
6394
6724
6304
6908
6180
6753
6532
6565
6026
6479
6415
6527
6569
6517
6705
6651
6051
6588
6459
6842
6852
6998
6241
6346
6067
6004
6025
6795
6710
6697
6512
6190
6139
6770
6202
6111
6778
6141
6206
6712
6331
6708
6519
6724
6198
6667
6163
6534
6986
6722
6396
6622
6609
6193
6953
6056
6687
6532
6123
6509
6634
6953
6311
6260
6101
6969
6610
6950
6187
6419
6835
6428
6144
6144
6422
6913
6162
6887
6546
6792
6144
6119
6852
6856
6322
6436
6216
6416
6972
6911
6025
6786
6455
6249
6572
6840
6304
6928
6297
6933
6108
6506
6764
6270
6474
6192
6457
6963
6479
6334
6732
6349
6597
6941
6470
6881
6264
6518
6333
6795
6916
6452
6777
6040
6545
6971
6381
6446
6557
6199
6410
6912
6019
6160
6952
6485
6127
6678
6408
6533
6146
6981
6608
6896
6860
6505
6308
6783
6027
6790
6402
6420
6246
6628
6701
6910
6080
6575
6799
6560
6332
6763
6113
6956
6824
6486
6897
6411
6141
6386
6714
6004
6356
6193
6559
6354
6893
6885
6610
6391
6309
6800
6362
6902
6982
6734
6717
6312
6386
6287
6468
6219
6889
6756
6479
6465
6768
6695
6807
6125
6475
6850
6923
6657
6966
6543
6199
6586
6350
6771
6817
6519
6938
6176
6297
6009
6256
6805
6929
6748
6534
6045
6471
6851
6652
6441
6636
6538
6589
6114
6025
6344
6949
6394
6397
6104
6221
6884
6359
6356
6084
6561
6837
6458
6162
6757
6977
6694
6374
6776
6446
6863
6183
6700
6445
6363
6837
6444
6152
6597
6926
6441
6700
6574
6430
6424
6267
6970
6719
6674
6321
6546
6891
6725
6561
6724
6179
6980
6660
6367
6125
6904
6468
