7246
7676
7457
7939
7475
7324
7226
7682
7248
7978
7259
7710
7510
7273
7962
7635
7825
7634
7542
7304
7612
7519
7397
7630
7045
7915
7512
7140
7419
7351
7428
7614
7489
7384
7576
7025
7309
7789
7812
7856
7403
7411
7792
7837
7682
7009
7442
7028
7361
7185
7114
7199
7303
7911
7237
7450
7608
7063
7136
7040
7996
7755
7487
7498
7493
7304
7316
7159
7227
7072
7767
7423
7648
7512
7914
7187
7360
7282
7748
7104
7825
7353
7083
7555
7615
7714
7525
7460
7553
7359
7880
7367
7026
7969
7282
7558
7022
7897
7133
7292
7916
7810
7427
7643
7860
7602
7405
7864
7698
7037
7505
7605
7698
7856
7526
7812
7010
7024
7520
7649
7711
7121
7406
7304
7491
7864
7495
7141
7509
7190
7121
7227
7726
7309
7375
7923
7075
7688
7467
7894
7138
7962
7615
7562
7630
7366
7482
7791
7872
7390
7060
7320
7603
7022
7644
7262
7954
7115
7949
7826
7111
7115
7717
7233
7255
7673
7166
7718
7609
7372
7475
7395
7055
7174
7053
7747
7614
7975
7769
7425
7223
7061
7413
7110
7680
7133
7668
7173
7328
7014
7528
7004
7018
7109
7639
7905
7189
7176
7309
7663
7421
7009
7991
7003
7659
7156
7903
7378
7421
7921
7057
7746
7683
7494
7384
7254
7818
7196
7841
7045
7909
7536
7340
7710
7004
7952
7089
7271
7387
7892
7489
7973
7738
7114
7020
7544
7147
7949
7649
7076
7283
7556
7189
7120
7685
7099
7661
7104
7058
7162
7189
7752
7642
7646
7129
7699
7236
7870
7192
7156
7217
7568
7052
7078
7917
7018
7521
7955
7096
7589
7715
7065
7815
7562
7750
7733
7931
7242
7426
7894
7603
7970
7042
7087
7649
7871
7947
7778
7328
7872
7701
7792
7145
7751
7725
7518
7565
7778
7163
7458
7118
7793
7256
7628
7206
7426
7892
7326
7108
7496
7198
7755
7058
7580
7911
7059
7006
7106
7062
7383
7648
7349
7935
7675
7571
7165
7597
7085
7909
7329
7337
7984
7755
7903
7196
7810
7643
7154
7405
7180
7852
7142
7943
7985
7925
7258
7630
7439
7761
7682
7128
7408
7872
7919
7982
7679
7916
7336
7349
7211
7414
7897
7411
7846
7634
7067
7521
7374
7992
7247
7034
7353
7953
7919
7423
7564
7347
7105
7731
7559
7217
7680
7597
7285
7792
7519
7139
7416
7959
7468
7726
7615
7646
7653
7243
7658
7860
7685
7817
7005
7733
7917
7054
7161
7824
7026
7801
7920
7098
7838
7085
7360
7447
7488
7385
7314
7368
7751
7615
7844
7423
7568
7268
7190
7399
7623
7937
7513
7671
7093
7059
7761
7135
7556
7091
7921
7209
7375
7489
7947
7829
7826
7782
7692
7075
7624
7787
7238
7037
7480
7471
7130
7814
7825
7289
7146
7055
7839
7852
7401
7333
7503
7653
7780
7692
7459
7194
7927
7147
7087
7256
7271
7560
7373
7266
7857
7298
7792
7643
7079
7269
7672
7821
7758
7505
7232
7100
7404
7207
7754
7861
7887
7293
7190
7726
7234
7800
7790
7152
7692
7180
7247
7578
7765
7424
7243
7716
7411
7163
7197
7752
7210
7370
7495
7276
7891
7075
7465
7491
7232
7526
7895
7862
7029
7576
7932
7666
7531
7688
7804
7071
7433
7821
7902
7239
7319
7659
7451
7686
7208
7086
7113
7538
7689
7538
7659
7640
7982
7897
7008
7454
7143
7877
7769
7532
7555
7436
7699
7910
7774
7601
7317
7191
7803
7260
7318
7186
7853
7850
7288
7983
7703
7631
7690
7962
7835
7170
7015
7857
7630
7971
7528
7167
7033
7692
7025
7341
7282
7252
7589
7987
7457
7228
7425
7960
7877
7331
7472
7631
7585
7428
7611
7802
7496
7533
7021
7692
7061
7418
7396
7209
7697
7015
7505
7213
7573
7583
7857
7809
7791
7684
7018
7806
7428
7384
7473
7353
7391
7719
7809
7402
7550
7404
7365
7112
7130
7974
7456
7513
7947
7994
7714
7760
7664
7799
7100
7067
7852
7212
7662
7010
7351
7065
7160
7196
7085
7942
7276
7447
7224
7426
7243
7549
7363
7372
7376
7288
7140
7103
7164
7997
7575
7225
7304
7051
7240
7734
7289
7816
7264
7410
7948
7341
7089
7057
7633
7698
7836
7008
7588
7236
7134
7481
7406
7191
7238
7744
7376
7995
7353
7816
7947
7413
7106
7359
7520
7050
7228
7707
7236
7138
7658
7547
7493
7519
7414
7544
7439
7602
7803
7362
7822
7710
7743
7901
7149
7624
7251
7247
7286
7323
7431
7777
7302
7896
7608
7120
7576
7346
7631
7170
7918
7535
7722
7145
7746
7851
7692
7787
7149
7241
7770
7126
7019
7169
7773
7907
7294
7671
7862
7668
7753
7167
7670
7691
7738
7860
7136
7517
7645
7595
7011
7474
7001
7802
7626
7750
7494
7732
7165
7820
7349
7528
7395
7706
7070
7800
7532
7380
7634
7286
7679
7841
7925
7867
7053
7834
7335
7665
7060
7895
7202
7219
7103
7461
7969
7762
7918
7048
7759
7414
7127
7102
7320
7745
7658
7966
7182
7494
7649
7576
7185
7403
7472
7898
7491
7086
7541
7822
7563
7527
7648
7245
7618
7349
7677
7294
7495
7238
7661
7237
7962
7007
7345
7413
7983
7588
7567
7659
7601
7921
7057
7091
7687
7042
7444
7756
7956
7946
7625
7638
7340
7691
7890
7755
7006
7022
7640
7551
7072
7286
7827
7641
7329
7741
7733
7006
7082
7452
7116
7111
7580
7849
7232
7067
7352
7662
7747
7862
7179
7414
7122
7905
7347
7839
7580
7619
7314
7629
7406
7555
7886
7667
7935
7579
7546
7476
7273
7006
7628
7973
7483
7150
7600
7715
7676
7657
7871
7760
7243
7187
7151
7931
7224
7412
7595
7758
7645
7094
7673
7610
7501
7966
7941
7578
7948
7484
7668
7459
7192
7061
7583
7818
7486
7285
7839
7448
7653
7738
7660
7726
7528
7469
7030
7301
7796
7888
7233
7256
7723
7800
7988
7400
7422
7618
7440
7627
7411
7272
7275
7331
7379
7236
7800
7726
7291
7139
7891
7538
7174
7869
7361
7945
7196
7707
7422
7820
7922
7024
7616
7324
7992
7282
7784
7627
7753
7601
7404
7066
7844
