8959
8882
8391
8063
8168
8214
8796
8359
8129
8737
8362
8234
8508
8595
8152
8352
8900
8912
8664
8706
8752
8616
8556
8251
8812
8303
8555
8521
8604
8555
8261
8384
8528
8593
8099
8734
8463
8275
8029
8659
8395
8963
8748
8295
8470
8964
8029
8386
8045
8851
8520
8315
8767
8185
8807
8247
8445
8845
8783
8808
8498
8436
8424
8672
8051
8010
8840
8313
8347
8642
8117
8112
8984
8233
8802
8023
8641
8298
8062
8981
8379
8382
8471
8283
8298
8173
8114
8257
8325
8364
8193
8608
8172
8790
8592
8003
8052
8390
8928
8580
8563
8119
8482
8303
8277
8005
8979
8271
8938
8161
8643
8386
8870
8726
8127
8053
8139
8384
8859
8912
8241
8316
8142
8944
8625
8188
8848
8709
8129
8050
8869
8844
8522
8841
8570
8434
8673
8503
8399
8318
8523
8596
8421
8930
8962
8713
8016
8780
8919
8897
8184
8281
8435
8749
8909
8222
8298
8898
8808
8808
8821
8028
8865
8866
8702
8719
8384
8523
8518
8936
8426
8353
8264
8132
8905
8791
8569
8566
8208
8374
8627
8624
8655
8199
8651
8649
8394
8846
8664
8020
8339
8889
8725
8990
8580
8030
8297
8121
8283
8863
8283
8967
8483
8207
8447
8031
8317
8007
8316
8929
8207
8801
8388
8125
8180
8843
8447
8537
8063
8074
8061
8855
8543
8259
8869
8382
8140
8772
8119
8817
8014
8726
8001
8435
8127
8344
8737
8789
8697
8749
8032
8156
8081
8631
8485
8675
8170
8565
8749
8312
8144
8132
8785
8533
8983
8331
8322
8844
8400
8244
8742
8161
8008
8314
8943
8323
8368
8092
8391
8892
8248
8835
8497
8835
8846
8834
8637
8571
8957
8971
8656
8345
8073
8572
8421
8892
8158
8268
8068
8862
8446
8246
8907
8537
8914
8965
8548
8976
8242
8130
8721
8809
8948
8494
8430
8578
8099
8828
8519
8701
8460
8246
8494
8824
8191
8885
8433
8599
8235
8873
8125
8678
8358
8392
8170
8040
8396
8609
8607
8576
8632
8224
8803
8248
8396
8387
8736
8047
8905
8781
8539
8356
8095
8737
8126
8352
8689
8357
8000
8528
8021
8730
8907
8448
8218
8535
8797
8421
8167
8468
8693
8855
8338
8211
8440
8659
8917
8873
8997
8241
8927
8151
8864
8290
8945
8782
8503
8787
8806
8184
8105
8389
8196
8600
8851
8645
8367
8441
8922
8269
8284
8013
8838
8070
8399
8235
8377
8979
8914
8521
8217
8025
8814
8491
8689
8040
8175
8785
8474
8339
8275
8830
8868
8600
8788
8055
8276
8722
8918
8711
8936
8456
8683
8167
8470
8222
8664
8232
8758
8638
8471
8882
8813
8914
8829
8493
8767
8484
8692
8552
8837
8914
8018
8638
8135
8413
8900
8377
8507
8015
8509
8955
8146
8820
8973
8760
8586
8523
8616
8666
8840
8805
8205
8504
8860
8104
8739
8289
8182
8656
8065
8863
8649
8711
8094
8689
8316
8292
8688
8695
8243
8899
8317
8210
8668
8108
8474
8231
8189
8116
8438
8514
8957
8896
8368
8196
8583
8755
8944
8994
8372
8810
8689
8305
8779
8063
8894
8913
8470
8540
8590
8381
8171
8203
8311
8621
8580
8160
8510
8586
8967
8050
8339
8500
8730
8319
8202
8548
8102
8524
8864
8509
8402
8734
8199
8353
8715
8535
8586
8452
8645
8172
8800
8684
8840
8857
8769
8356
8319
8352
8943
8598
8222
8493
8125
8584
8526
8476
8538
8697
8421
8344
8570
8566
8494
8312
8135
8693
8619
8267
8816
8267
8459
8040
8001
8630
8774
8807
8029
8784
8332
8280
8969
8264
8051
8204
8016
8694
8177
8016
8651
8342
8677
8462
8670
8025
8795
8340
8858
8806
8632
8569
8649
8998
8943
8215
8336
8159
8843
8168
8502
8897
8973
8704
8157
8506
8780
8255
8721
8711
8934
8337
8363
8010
8628
8714
8442
8425
8406
8585
8715
8796
8432
8766
8769
8078
8625
8608
8642
8518
8879
8634
8929
8978
8659
8729
8735
8128
8639
8998
8759
8709
8685
8331
8393
8578
8399
8064
8219
8781
8654
8103
8454
8469
8036
8293
8922
8089
8868
8844
8922
8900
8549
8132
8891
8533
8259
8251
8135
8020
8697
8287
8030
8433
8415
8391
8962
8031
8475
8381
8021
8627
8619
8801
8886
8661
8860
8039
8616
8378
8455
8396
8077
8341
8467
8732
8567
8455
8753
8640
8781
8611
8042
8945
8636
8041
8915
8660
8643
8488
8943
8475
8437
8322
8902
8248
8807
8819
8021
8941
8066
8909
8428
8953
8880
8856
8565
8804
8744
8452
8127
8684
8126
8572
8210
8485
8951
8087
8749
8531
8467
8460
8984
8377
8764
8592
8660
8743
8154
8828
8895
8831
8386
8383
8174
8050
8207
8833
8712
8423
8074
8718
8520
8769
8950
8772
8867
8081
8945
8755
8463
8399
8272
8373
8622
8872
8388
8330
8870
8625
8429
8093
8921
8529
8044
8590
8763
8942
8509
8676
8582
8029
8583
8856
8632
8328
8891
8483
8741
8786
8754
8345
8045
8663
8308
8331
8711
8281
8416
8642
8859
8838
8358
8864
8659
8190
8549
8025
8533
8733
8547
8694
8769
8333
8432
8051
8361
8519
8240
8830
8798
8003
8499
8012
8643
8974
8090
8133
8178
8492
8564
8148
8078
8744
8807
8819
8091
8894
8403
8745
8928
8748
8364
8245
8160
8473
8923
8494
8715
8173
8981
8500
8678
8202
8363
8744
8520
8739
8495
8543
8522
8247
8285
8527
8126
8185
8949
8891
8183
8495
8298
8481
8584
8162
8514
8124
8550
8424
8759
8052
8953
8975
8081
8693
8372
8895
8906
8604
8269
8870
8123
8801
8551
8668
8159
8317
8021
8801
8678
8349
8686
8714
8557
8999
8668
8875
8540
8210
8510
8652
8554
8194
8986
8907
8026
8327
8155
8851
8639
8212
8277
8785
8894
8394
8381
8042
8523
8960
8732
8589
8273
8123
8193
8487
8836
8708
8464
8638
8702
8352
8507
8023
8589
8163
8029
8934
8618
8491
8766
8565
8848
8482
8435
8662
8901
8070
8671
8855
8355
8103
8944
8716
8317
8388
8445
8552
8065
8522
8208
8429
8954
8515
8271
8963
8824
8397
8500
8945
8009
8152
