4891
8576
3993
6728
593
2918
8130
7707
5776
4527
1294
5054
340
9875
2760
737
9624
6602
7134
942
783
5325
1308
3878
1528
2885
4036
9556
5100
7370
1875
2628
2061
6782
7134
2246
9047
8
3163
6130
6969
871
9828
9546
6305
3486
7342
3748
5136
9861
9742
2579
6328
8777
281
382
3905
8312
9715
9173
5043
3092
5104
8077
3367
1302
1046
3468
1253
5857
7556
3945
3716
8685
8721
297
4097
7055
4152
6962
2278
6116
854
8142
9416
2343
6586
8655
9303
8502
7060
6952
5377
1878
8375
5238
4130
4047
2992
9603
206
2248
2224
1227
5831
9549
767
8298
7387
3426
9069
7071
4922
116
7511
9693
6167
5168
2300
5843
5256
8972
6740
5038
7733
9758
3115
6530
7692
5502
9815
4123
9900
532
5505
3956
9644
2217
7192
4315
5670
8064
1822
7884
7108
3787
1694
8485
3508
8469
2436
6331
8279
3822
8527
8091
9689
698
5427
632
342
7547
9279
241
5571
2266
4812
2306
3558
1058
9617
9990
5138
5315
8269
4246
9234
296
2909
1686
669
7429
7846
1282
678
5428
4506
5635
6889
4111
9618
7656
8752
8781
3906
8891
6440
2349
785
1440
6109
7007
4519
1445
2042
7163
5172
8451
6730
629
3275
1615
3176
5571
617
681
9856
6644
4789
6917
7662
4870
4221
6809
9907
2344
7310
9205
961
4656
3937
4799
6515
1010
196
5385
8567
4494
7470
9158
1243
2660
5115
7463
9344
1653
1977
7872
114
5497
5724
8253
142
5812
527
6559
3536
6239
3041
1494
4559
170
3808
9891
7741
9973
6228
7704
1200
853
8058
2813
4319
2726
1037
9527
9272
9045
2692
6602
6967
2384
615
2888
1883
2754
3603
7303
7047
6153
5916
2721
9880
7621
614
6586
2051
5208
5442
4585
1596
8703
59
7555
3581
9697
6531
5935
6338
7620
5966
559
3942
9768
2928
3347
1985
1998
5823
6531
2952
783
5866
4486
9533
6619
9399
7903
9065
3381
8374
6108
9952
8189
1602
9641
1417
1550
5048
1876
1192
8133
2843
5418
1892
4379
2007
6287
5708
343
2889
6493
8806
9655
4263
3501
1333
3288
6683
3306
6316
9960
230
2349
871
8392
3097
2357
6156
4440
5594
1330
8251
9110
107
3378
796
1908
1288
9856
1593
7596
2361
4365
9634
3445
2768
4568
6046
8401
9613
4489
2308
5158
351
1986
1736
1095
7007
7434
5751
4272
2817
1292
4691
6230
682
202
4071
4207
9009
3538
1081
1576
4677
4915
2864
6805
4661
6061
7634
8016
7614
3671
2071
2387
4178
3401
3576
7035
128
8969
3964
776
9592
8506
1945
4214
6532
4762
5373
8982
1426
514
630
5633
6684
5669
5759
3685
8684
7899
5998
6609
6541
4387
5218
9200
7709
8286
4436
4671
8363
9834
9042
4075
2111
8691
9693
1203
4062
1078
7912
1995
8522
2511
6340
8649
7659
4577
5348
5151
5378
2032
2222
2710
5325
4776
6503
741
4466
7744
5246
1439
3995
596
4904
3760
7471
8267
2361
5649
2021
2858
6249
1758
2225
7160
1064
7552
7837
178
859
9712
5917
5410
6318
7039
5128
3377
8874
5690
4959
893
8191
7512
5467
935
4817
463
3760
8589
8108
5697
1895
542
610
6733
7115
7844
4035
2327
9434
4268
8647
6141
3451
5472
7470
3137
991
7414
9034
4714
8646
5972
7578
2062
9652
3555
7586
9927
2650
2670
327
1069
817
838
3689
5026
3643
6056
2979
3521
176
7065
9631
8793
6943
8115
6779
503
5985
3592
5496
1410
8395
3940
3209
2017
6632
602
6225
9580
4477
4413
1638
7451
6958
8770
9955
6587
3839
6248
8737
2257
9320
4874
9222
5436
7503
8179
2503
231
7860
1386
9138
5753
7451
4583
6245
3321
6973
2583
9148
7605
5836
339
376
3376
7436
2212
7461
7907
9527
3192
2385
2744
6184
255
9753
7565
7230
2423
7808
3141
8197
8832
6261
47
8896
5118
7579
4699
1498
9778
3845
4517
9664
3815
9595
9610
8710
8933
2146
9212
3038
1824
4851
7283
1168
4687
5418
3228
548
5003
1005
414
4060
817
4147
7369
7614
1293
8705
3907
3567
6157
3066
7227
7833
1782
8552
1037
9482
6138
4648
4164
421
9605
9036
3780
9282
3736
9693
2348
8045
5453
8300
6731
2142
9872
9114
2515
4750
993
5086
6503
3848
5798
3502
5625
6230
3984
6711
1039
6099
2508
9603
2059
7161
1372
4431
5755
6171
4721
5279
4545
2810
9160
9034
5903
5419
9464
7071
5452
4676
345
2021
7096
7594
1800
6967
1643
2355
4697
228
8390
455
2739
7460
2520
6384
6689
4239
4851
6641
6876
6524
9458
9271
345
3429
9008
2298
9782
6580
7261
4455
2316
3019
3114
4418
7701
4078
832
5400
6958
952
6632
384
4589
8781
2698
9577
9706
4989
5844
5682
4022
4361
9568
4533
7542
2834
5024
8270
6032
4407
8585
5800
7824
664
1061
570
1395
440
6433
8842
9289
7915
5963
2570
8411
1049
6965
9797
1507
8664
4153
1997
9728
3735
5519
2217
1574
2463
3968
58
9230
3580
578
9540
9335
9987
5275
3711
1545
5324
5950
5528
4934
1329
7625
7938
9203
7978
9119
7386
4967
7310
5852
4022
4981
3540
3942
8794
6032
6647
2524
2269
9487
3948
8351
2582
6969
4333
9188
186
6502
2852
220
5266
3580
9077
784
9563
1139
1317
7072
8181
2104
162
173
8458
8349
9045
7777
2428
257
6573
2186
6543
1804
5236
6921
7373
7107
3732
9090
4806
5717
5676
4990
4910
5589
5710
1914
3065
4620
5156
53
4230
3933
3262
4526
1292
8648
6829
9092
4313
4814
529
9885
3205
4363
2602
9653
3866
3487
5765
384
3116
3663
1159
4984
950
8724
3940
6689
9510
5808
2733
8306
7005
2820
1575
1999
1324
109
2213
4409
2505
9474
6649
1129
5413
9318
4692
9215
3977
814
8937
6348
6177
6245
60
476
4598
7381
8634
4361
812
8668
5743
5281
3111
7334
3612
1373
6190
43
9189
2528
8269
3688
8156
5635
5812
6083
4200
1020
8554
861
8544
9393
7834
9722
7714
6368
9377
4315
3309
4645
7633
9513
6143
2340
2502
9601
8547
9630
893
9006
2855
4841
4910
9573
1109
5465
5681
7127
922
9173
6838
1072
5043
4826
4499
2115
7714
3755
1210
4870
9125
7107
9782
4041
455
5947
9194
5161
5836
6966
8821
3468
4341
8164
9113
7382
4643
5661
6584
6264
7312
4922
8423
5667
4921
7106
7421
7131
8089
4000
1004
3706
6378
3049
9117
6877
6582
7368
4478
5314
7338
4295
5277
976
8250
53
4782
3488
3716
7378
4522
9440
6541
7602
7721
9244
4062
8607
7464
575
9992
5308
9743
4028
8499
9891
4944
3616
3103
4869
2630
1983
1931
3264
3506
7821
2579
6630
9375
862
4352
3521
6584
8032
3054
8084
929
2885
3619
875
2383
9267
8878
1798
6071
9316
8543
8054
1920
5361
1089
8413
9128
5058
2636
8760
3214
9205
1159
2900
2748
2048
1386
6879
92
4631
5623
4720
5483
2756
8383
8390
6595
2458
8184
5070
6386
7551
8184
353
449
5764
8405
6855
1361
2256
6231
3919
1601
1907
8582
5580
8484
4647
8706
759
4260
1337
2907
1795
2029
1212
7650
4824
3459
5744
5515
8284
7421
7946
9212
3872
9588
572
6517
7643
1846
1474
5372
7641
6880
9447
7633
8416
7738
9290
2002
2120
4335
551
1508
469
8881
402
8593
1804
52
7486
1321
2732
1335
171
7524
4355
2441
9661
9802
9011
3936
5639
3214
4591
4306
9753
9226
9
5573
122
4004
7212
8255
8262
6525
2225
8986
8372
2127
166
4438
7722
84
6902
3302
6087
9622
3088
4065
1583
7348
4682
37
64
528
7719
4700
5329
4829
4135
9796
7774
2229
9706
5796
9843
4616
4822
9389
7665
1283
3720
5451
9586
3994
8061
1599
3970
1601
6288
1867
603
7269
1059
2321
2301
5321
3260
5476
5917
1400
2566
2297
4847
9227
1330
221
8338
9549
734
3189
6432
2074
5507
4966
3223
9135
6321
191
5239
649
6979
8507
6242
3503
6925
5934
4496
4953
8252
4165
3669
8818
396
2890
3891
5323
5006
2435
5254
263
8103
4009
2026
6864
6562
2675
2204
4163
1212
3820
3690
9038
9387
7295
5316
5127
5642
4715
8240
761
539
4438
805
9814
3860
5644
7876
3860
482
7631
3853
1421
4184
2956
7113
240
7169
3364
2443
1490
756
5596
7218
620
5817
94
6482
8156
9847
9405
1923
5174
1285
4638
9786
2403
660
7729
3180
8945
2468
4442
4944
6468
1294
8083
8272
7379
623
6686
3614
968
3037
7080
2050
9819
6043
7720
7272
9855
8647
8360
589
1332
9983
8799
5976
4814
2781
747
5060
5694
1271
6591
5171
3191
5256
6355
7101
4915
9492
9437
3064
6064
276
876
9471
3128
9188
2842
3639
5544
7318
767
8290
5208
1965
175
2813
2925
1821
4573
5638
2973
5929
7043
7804
1770
6349
8108
3817
4313
4373
333
2233
2548
5400
5717
5054
3098
8115
5382
1996
7905
9505
2354
2935
225
8409
7261
9466
192
6806
3695
4370
8647
9847
4653
6035
5339
2756
4013
3363
7736
5155
7286
5566
9670
1117
4051
388
4840
6304
417
3759
8786
1914
3603
3650
4377
8853
2327
1010
83
4519
6046
1033
7317
8931
3318
8764
3038
6508
4543
4009
6410
4775
7175
1932
3846
1487
2134
7306
5012
7243
8576
2385
3511
1514
464
627
9845
6201
2433
1087
1004
2315
4349
1201
572
2221
3628
8891
5576
1935
1928
8456
1503
5484
8125
8539
4835
5996
2613
4614
3315
6311
8945
2915
7686
5231
7567
7477
5119
4235
2963
7075
3739
3452
9948
4219
9726
5028
7012
4107
3283
6608
4627
7442
7482
7597
4282
7350
4425
6124
9615
7320
6491
5161
4464
4015
6504
2147
3936
6089
9615
7625
3643
7751
1376
4903
9152
3688
1070
4571
2396
188
6668
4794
4282
5841
7992
765
3088
3998
7612
4422
6339
8363
4812
8607
9829
2516
6554
8196
1202
3976
797
4437
7074
3460
1739
7689
2068
441
3607
8106
5346
6783
9474
3395
5189
1272
4221
7723
5056
9205
6282
6082
5136
2837
1077
4007
1890
457
125
3364
4313
4134
3794
1144
9750
8777
2320
9691
3943
8020
9305
3564
9723
5703
4239
402
6255
5196
5768
557
6046
2694
5394
3010
106
4728
2105
3151
2555
4623
2015
1381
4751
7395
3520
136
5591
7678
7715
981
8997
657
5833
2686
1831
1718
347
5838
5462
6527
4014
9465
2039
9608
1658
396
2178
6133
2731
6641
4188
8588
8835
1925
6242
7277
9290
9728
1960
1203
9547
1639
6766
3751
1813
6659
7070
5843
4589
5207
6833
7728
7993
4008
6415
9425
4722
5791
6702
8997
2295
778
7510
7256
819
5313
2969
7341
1945
6672
8195
7621
8906
2077
937
6845
4557
4247
9081
1131
4218
5440
9893
3420
2756
6879
9726
7375
850
674
3536
9334
3645
6949
2000
3903
6128
9704
288
1044
3468
1166
6632
5100
1276
5861
688
9110
317
2428
1405
964
2505
3345
1628
1484
245
158
1973
8352
9104
4528
9636
3961
4622
3509
8793
9715
7658
790
7936
4090
9100
4362
6131
6869
3969
5033
4522
7317
7024
9529
1624
9843
6797
6552
957
6662
2659
4074
7379
3337
27
1411
4139
9726
2060
165
6084
5830
2347
3999
5748
9288
1965
8379
8099
8886
6052
7934
6608
6318
9538
862
8019
6681
9072
6960
5684
6666
8325
8263
1669
8307
6822
9026
5956
5232
8277
4865
7026
7882
2977
9190
1869
3901
187
8811
5019
3
787
9525
5619
2028
7385
6853
8715
591
8999
6685
1970
775
66
5527
1840
5657
9037
299
3855
5072
73
3176
130
3039
2490
7849
3464
9501
6506
9736
1472
4635
553
4211
6069
6898
5009
3686
3335
9180
9490
6509
6291
944
6073
8098
8440
8110
8745
7444
9054
6551
217
178
2167
9544
785
2787
9935
4325
401
1226
7666
7920
4286
1163
2150
7896
4508
6429
7148
9338
4760
6822
9902
5402
3267
6394
340
5140
9226
8543
307
8919
1451
4839
3568
8758
4031
339
8631
8125
2708
9359
5458
3392
7405
2138
4072
6987
886
4673
7723
532
881
1077
5800
4763
3178
277
2016
1879
6147
6610
1488
5100
2974
6906
6324
9698
6469
5060
3063
9523
2740
8726
6881
3142
4247
1803
6900
4108
9790
668
4072
592
8842
1730
8187
623
305
2821
3316
544
1246
1171
1685
5916
9445
6290
4387
6081
4724
6921
3614
5864
7903
7443
5170
485
2996
558
1890
2651
7761
9954
8310
4006
103
8693
4432
6664
2993
6561
1740
4342
8513
2331
7784
6819
2471
4945
6568
5865
4605
1009
757
5573
5818
4658
8286
5130
3117
9858
330
7435
4971
4499
9798
2711
4653
275
9536
2263
6795
2261
7218
3896
2869
7348
9559
7121
4603
1260
1941
3287
420
9720
761
3001
8941
565
4942
838
5286
33
9876
5193
475
8332
1796
9380
1567
6636
3093
8589
346
169
9378
6152
1353
9707
7258
1717
5831
6938
7741
3406
6774
7463
3909
5787
1678
8908
3129
5597
3822
614
3390
7543
9947
5678
614
3218
2058
5731
8754
7210
3730
3782
7328
5802
6798
689
1692
5318
2578
6385
9765
9145
2881
7850
5210
4705
8
1996
1139
4282
1619
3150
279
6472
5931
1593
7262
8252
5042
1755
6187
1197
9351
6097
1928
9196
4018
3444
6822
9180
9192
8592
5273
830
9369
3398
7611
6021
3601
8211
1094
3822
7579
6537
332
2309
580
5100
1600
4117
5187
6095
5544
8724
5301
8382
567
760
8483
9567
4849
328
1945
1521
8387
8233
7587
7724
7708
6345
437
2016
4969
867
6539
4835
57
4209
905
4821
8987
9356
3475
774
4424
9175
1226
1424
4438
1911
7508
8164
3799
3290
5520
8989
7994
5111
1413
244
3965
9987
3925
6467
3118
1956
1710
7593
1521
3128
6513
7114
9436
7201
253
4399
7330
1748
6701
9300
8312
2474
3929
7431
7614
4320
2013
53
8141
6248
1556
3369
7420
8806
2522
8223
5299
6179
9600
2668
3686
7303
9857
6707
9258
3872
797
609
7638
6554
2097
5628
2816
4596
2288
8721
8736
8132
2419
896
943
6995
2368
2203
4901
4569
1852
5053
4201
345
7453
1551
6249
231
8979
9834
5217
9365
3361
9023
2059
8226
1947
2332
9205
9163
7512
3118
3200
7125
634
9210
1978
5315
1148
6739
4740
3798
9327
5849
1465
6647
3177
7190
5977
1145
2750
9866
1181
742
9740
8682
7598
2018
818
898
6640
4719
6097
509
8215
3112
9944
1081
8187
6318
9948
6557
4984
5130
1262
3134
6216
2831
7776
4306
5547
7995
8619
5451
7267
7923
8322
4004
1022
2410
1683
6137
1965
8878
9790
1160
2261
1549
2021
376
8278
9306
9884
8022
4108
9166
2500
8071
6083
4858
283
2222
4883
2925
2854
1146
1498
1977
9648
3227
818
4214
6782
2444
1977
2240
1766
9780
7667
8263
8417
625
5625
7314
7935
3981
4229
829
8527
7975
727
2073
5189
182
4996
254
3289
549
3948
5913
4466
9356
1660
6175
999
2556
8205
4810
5315
2103
5707
8683
4556
9406
3667
9149
6256
5959
6819
4212
90
6322
7865
4870
2377
5173
4319
6951
4566
1939
3395
7972
4289
3610
1371
7074
7728
8814
4187
4913
5023
3952
4183
9565
6233
5233
3809
3931
3984
8859
916
9934
321
5256
1797
4856
9554
2251
7544
5615
5878
6410
6473
7417
4452
1372
383
4332
7242
6921
5241
607
449
2816
7515
3221
8604
6934
5823
8138
1540
8155
3837
4995
4352
605
4429
7523
7179
7356
6965
9955
1216
8501
9318
2823
9667
635
3703
5116
7562
2203
743
3604
2312
1922
9327
4249
7680
5545
750
5142
7443
9594
4396
5128
1435
9384
8803
7406
5900
2643
6312
2767
2113
9336
1722
2869
2083
2948
5375
9939
7827
8369
8904
5682
1169
6806
7540
8764
4325
8687
6295
7252
7609
1388
8608
9654
9563
9808
5115
5754
6482
4296
7088
6413
2886
2256
3783
9630
1838
6863
5443
8766
4162
8767
4040
7604
8602
4383
1951
6118
745
7454
4733
257
7163
8918
7909
8831
2588
3803
9247
697
2238
2858
7411
5797
8380
954
5053
4367
119
3886
9414
9614
8050
151
6354
530
890
4525
4330
3140
9488
5798
3308
462
4743
1925
9868
3714
9838
2012
3790
9907
3965
6046
3348
3849
4216
111
6190
5819
4717
6918
219
9663
7197
8935
4208
9938
5200
4130
1002
854
4932
2413
7132
4235
9308
4211
1396
8504
8240
1308
1570
5769
7368
4080
2755
9499
9530
8531
3109
991
8086
1210
2678
8849
8903
9952
8895
2036
8266
3691
7938
3714
7283
5120
4585
44
9444
5833
4463
5403
6936
4804
1670
3045
3002
7499
1613
8156
2222
4774
3633
8448
7896
7804
464
5977
5932
7720
1923
2680
7567
6376
8341
1330
9068
7750
5218
3000
5171
7806
4309
1967
4403
4360
7962
9039
8695
7488
2869
4688
6695
5290
6640
4107
92
9483
5563
7319
4882
195
4781
8791
5013
9593
2734
2698
4131
9535
150
1895
2248
9293
157
960
8075
5595
125
6265
4482
8698
7771
8900
4104
5057
3718
9524
4451
9216
237
7719
7050
5035
1222
2267
3124
9066
1549
2928
9123
6982
4973
8748
8984
7308
8425
2708
6458
5394
7177
7612
39
4570
9707
3513
5098
715
3309
2688
2638
1110
1491
4198
1804
8358
2034
6402
3714
5406
216
2469
7501
8269
5147
842
5539
8910
8443
9952
3749
1923
3496
4011
4613
5153
543
4642
5064
6197
7368
1312
8762
3852
8030
2054
2453
6003
2316
4805
9069
3185
6746
8845
6017
122
3905
5266
5734
5902
659
5199
6960
7134
7346
4596
9452
7434
9461
4771
1869
870
505
8621
2431
6660
9725
3470
4616
7288
1255
2809
5634
2506
1825
876
3718
7204
2650
5956
1357
2027
7358
582
5532
1777
1905
9381
2740
8150
4296
8240
6111
164
1642
1648
4315
7727
9579
8613
7087
1270
4399
1391
189
3076
1398
5411
3435
3998
3858
3238
8970
2668
5874
205
3458
2907
8786
4412
7026
9121
5374
9215
3854
8710
8159
2021
4195
5171
8182
9242
5209
5509
8435
3589
8535
778
1757
6554
5779
9192
6475
5865
9214
7040
4298
5005
3899
3898
4068
9446
9156
5064
1852
2171
1880
5973
2545
9255
1526
482
683
4807
6743
7319
8463
3417
6673
6746
7132
7397
5637
2562
3823
5563
8620
2892
9697
99
6305
6951
6816
8108
2706
3920
553
4870
5429
4390
1551
6544
8486
4469
6244
1056
233
7537
7770
7279
4485
8934
9775
4240
1164
4362
3995
4065
3908
3703
8824
4640
6032
8101
109
560
2913
9673
7305
3838
8444
1
7839
9051
5543
5704
10
1137
5878
6777
109
7887
1920
6187
2550
3330
5275
7203
2756
2662
8802
8379
1330
4172
6466
4732
4566
8670
4106
7675
781
2345
6313
5584
4130
4699
9503
1474
7569
9201
8903
4194
4472
679
7671
4818
4020
80
9646
440
8948
4233
3330
3450
5480
5481
3636
5582
4370
3671
9638
2467
8832
883
1120
6294
9857
7463
4069
1227
1914
6509
5424
8737
2364
2730
360
7678
6037
806
1201
7058
2384
7796
5636
7768
6362
3949
3338
3254
5794
6336
4318
8103
7331
144
9380
7792
317
3160
2899
2519
2908
28
819
2917
7581
4171
2214
5727
3827
6947
1110
3056
4254
5541
6283
9702
6603
3409
751
9230
8227
9637
9342
967
1505
6501
2289
6883
8317
7742
5164
9457
9245
3544
598
9060
8485
2108
5256
2108
8579
1800
6281
9330
23
2376
5059
6838
9580
8499
2558
1373
7696
3911
9725
5103
9777
9982
8469
4652
8327
8082
3598
3656
2914
1258
3772
8073
2779
7030
9978
8717
2534
9747
3358
6060
4828
7966
288
8178
5136
9509
1563
3944
2897
4532
4234
30
103
4752
9207
2095
3131
5271
5064
7676
6161
3894
8720
697
4781
1733
6527
5280
6572
7982
5209
9593
1385
1274
633
8829
7787
9746
3814
108
3717
2072
7816
1070
8807
2092
6203
8257
2976
406
3603
975
955
7300
1562
1271
5201
2732
8385
919
298
739
9927
1830
386
7603
9403
7212
7440
5377
8219
6943
2258
4968
6533
2166
1924
5874
1813
867
7221
2882
5993
8356
945
3552
7022
3993
3418
4178
8552
8229
4633
6025
2318
2110
3397
8138
1361
4748
2607
7788
8664
2954
6366
4689
4994
1208
9034
543
1794
9467
8492
1180
9809
911
5928
4558
1806
1675
2250
4274
8227
9849
6902
4842
7900
1591
8264
1982
2030
8063
6110
8435
8636
8077
5654
3399
6283
7851
9601
1594
547
1056
9329
6164
3974
9473
8810
8163
462
7006
5235
4190
7989
7532
8418
2921
9392
142
7008
703
9500
3682
3304
6201
8340
6194
27
4130
4393
3841
1812
8550
8861
8217
1335
6867
1820
560
5069
6748
3754
6314
6405
9481
1478
3722
4574
4949
5716
5721
6229
5373
8732
5228
2781
7244
4318
141
712
3438
9160
5835
3911
441
4159
9755
6831
8781
6641
4822
4719
8340
9532
5818
2558
4001
1581
5622
7430
1294
3481
6264
4
6106
8369
3116
9590
7356
1569
9215
3774
6580
3689
726
8044
3784
3239
3832
3001
4656
9755
7990
6769
208
6099
397
8038
6321
9107
1767
797
7240
985
4068
5289
4103
41
6754
946
6814
8165
9189
6153
5169
4290
3461
6589
3060
7523
3601
8547
7780
1054
4322
6192
4975
8080
4844
2007
8643
3974
1098
7831
4709
4708
2675
9820
6193
168
9238
4442
7734
2377
4816
4180
7349
2910
7367
1000
3691
794
5342
2839
7778
2065
2553
3382
9212
4792
7627
8224
8216
8889
4534
1118
6495
8303
6260
2509
1870
4274
4552
8765
3922
2287
4843
4607
456
2060
6971
3140
7522
9448
9093
7560
8902
1507
4337
6122
4551
1112
7149
7316
1255
5528
9041
5260
2987
4091
1511
6352
2838
3785
7259
6908
3232
7910
9520
8130
6187
2252
3324
9124
797
5233
1790
863
819
3345
5199
4043
1281
850
507
1556
9355
3221
4209
1966
1404
7057
2018
3821
5050
5344
4706
1881
2416
5814
609
5420
8262
1928
1823
5651
4639
495
2899
4018
1903
7347
7981
5587
4455
2612
4756
2138
8405
129
1322
7638
7518
1344
5157
4771
3251
2611
1717
4926
4481
6239
3893
5638
2595
9891
2531
8849
8027
5920
2549
564
5028
2144
8789
7474
2495
8174
662
8953
8
6930
4930
3461
9884
9246
1472
6837
8016
573
7791
6230
8537
2714
4187
7472
9956
238
3001
5605
3276
782
2172
7957
5856
782
5438
6659
8291
3349
8965
2863
5393
2999
6920
7987
6571
2700
6561
8335
5293
2351
6799
8135
2157
4178
2849
2653
1139
9792
3601
7410
4013
5685
7631
1723
3633
8781
8403
4802
2808
1358
9141
477
1836
5089
3093
2227
4386
7286
5465
3662
8444
8505
9181
853
6224
9599
7786
1987
4627
8033
5330
6693
5660
7804
4861
2106
4472
4692
4266
5222
1191
8696
659
1427
1569
8514
2230
7238
609
8715
9546
1199
2786
8840
6645
682
2291
5094
5966
3876
6760
9528
146
5657
8408
8637
8000
3222
7152
3154
1660
2369
1361
3503
6739
8144
3204
829
7670
4208
7212
1829
5876
3707
2631
6716
9362
712
2429
3544
8431
5345
4398
8865
3786
7624
2699
4240
25
4706
1406
447
9718
3780
5128
6435
618
8129
5643
8012
1378
7046
7599
2088
9121
1231
829
5852
5665
4043
1585
6719
7801
5570
89
8085
1086
864
7200
7979
5887
5861
8708
2555
9022
4545
1789
4029
4304
8734
4497
3148
518
7473
5825
9571
5925
6500
806
9631
4246
9496
2432
9892
8285
1898
9736
6610
3809
4942
9288
5769
8145
2314
5573
5715
5048
4271
4231
4575
9837
4436
1000
7608
6530
2603
8329
5466
1795
2824
1108
2912
8853
9828
2724
8963
8195
8376
2759
3679
960
9546
8022
3819
5100
5162
9339
9482
4115
6541
7539
6486
3049
6609
3427
4730
6695
5036
8162
1066
488
4499
2439
6331
5485
2442
5149
74
4951
6776
4766
3278
1616
5835
9626
8879
1433
2625
6462
2277
1828
881
94
9163
9828
5804
1010
6003
8211
5446
1715
9262
5890
9705
7207
3111
2093
2601
9685
1730
2594
120
2716
1570
242
268
5466
981
1336
4192
3309
9450
4033
7221
7181
6370
4870
6520
350
9750
4767
7665
7947
8539
6409
5906
1559
8369
777
9141
8449
9417
1794
8706
2585
6828
4515
949
2527
8685
4150
7277
9445
3835
257
2855
7090
2096
2944
4484
4340
2303
5611
6276
116
9467
1851
7751
9925
920
2480
2684
3054
2723
2357
8631
9534
1869
5650
6460
6394
6821
2497
6365
3425
8806
9659
1912
9720
8932
2651
6422
3575
1693
7126
6695
4
3699
2813
7477
2061
7584
4188
6351
4462
4956
8244
2821
572
8980
1215
7200
6730
6736
2916
4667
1089
3833
9476
7309
7683
8933
2683
2338
271
3824
6901
7766
4648
5460
2562
7803
2585
9996
8625
8976
5336
5263
5068
4551
9725
7355
461
9226
5254
9035
8999
8265
6347
2540
5970
5222
9908
6993
582
287
4680
1162
301
6841
5568
5548
1420
7337
3024
3909
6455
815
4895
3250
117
3474
5700
3024
2139
587
6218
8830
7022
2765
4474
3261
7878
2044
7742
6709
4004
3650
4006
3910
9544
7374
494
7822
3654
8472
6349
1001
973
1764
6268
6100
4851
4145
2052
1285
4824
163
9387
3476
4085
2448
7900
2097
2355
3849
3558
8754
4472
914
3821
3694
5268
9007
7598
8198
6855
7790
4019
3186
5306
2066
6344
8192
9922
7048
9851
1638
9738
9004
5521
2825
8742
1921
4500
8472
3424
8356
1853
1746
3640
7941
1983
9743
609
158
2217
6147
3824
8959
5525
9412
2111
5532
8131
3223
2680
2120
2844
5211
6070
4166
4346
1963
4140
264
8387
3190
2923
9392
2855
5613
2054
2746
5048
7569
7766
3106
6089
8682
6960
8135
425
4979
5768
5245
5605
8823
7179
4774
5127
4698
8801
5051
5039
6456
3649
7683
3201
8993
3952
3853
8628
7467
409
2775
7190
154
7081
1585
9075
6858
5140
1862
2889
3334
7083
1780
1065
3677
6693
4430
1306
6785
9024
2245
9203
95
9001
4662
7901
3615
6820
1167
1670
9970
3309
4678
1615
1626
8607
866
3388
4763
3109
7473
8738
385
481
3911
4987
7142
8722
5536
9164
7088
6770
8851
6347
5140
923
3608
5058
5339
7493
5261
6022
2207
5528
6581
4475
3442
6178
347
328
1015
3359
5991
4987
1309
3704
1830
8378
1370
2504
1095
4830
7579
6324
4336
1864
5064
2270
3008
1641
1057
8539
9018
870
3048
768
2870
1291
3072
3988
8643
9502
2753
520
7526
1885
9850
10
2854
7626
5921
9023
8689
442
6518
4052
858
7510
9796
3665
4073
2313
6823
2579
1244
6647
7026
2921
1458
5860
5177
5658
1170
558
2133
8238
9180
7456
135
2869
9643
1859
4890
3518
9008
4313
891
8723
2114
4381
3467
1627
9893
5218
911
8232
6129
3635
2700
9830
3564
1679
5296
5808
237
7411
5321
8566
5444
4539
975
3160
908
2794
6517
496
6871
3599
1331
4330
4672
8394
4652
9212
7087
277
9371
8560
5211
3076
3524
9541
5989
5853
6022
4134
7630
4975
3989
3844
1100
331
2674
8868
4628
7094
5315
1238
4753
9463
9562
5412
1808
8265
9117
9143
9950
9974
4087
2022
1838
766
1221
9073
5890
5520
5685
1975
9702
8385
9306
1088
6621
8427
6334
7284
3762
1217
6682
3812
8811
4743
8319
4877
9848
5983
5061
9447
7107
2649
3333
5914
8130
3164
1648
5671
8057
6760
9537
1389
4962
4732
8435
8870
6071
3361
5665
9698
4459
8774
4027
5582
7411
4117
3788
4325
7006
9797
860
1589
663
8290
4828
2320
4445
5997
3167
568
4684
6013
3429
6722
4160
7289
3529
6709
7506
7647
1286
8599
6774
381
8381
8215
2150
6767
534
6868
4715
9687
5312
1110
7849
6823
1296
6560
1340
5358
7511
5246
7652
3998
9998
8684
2876
2239
3217
6948
5874
1319
7538
7372
7882
6012
524
5195
1381
1549
8931
2455
1475
5344
381
755
5179
8901
8519
8132
4033
1314
3158
191
3298
2123
7341
917
6610
7904
6608
9145
8416
3976
1784
2497
7785
9851
5598
1829
6243
4656
5100
5692
9183
6654
6441
6115
5097
9200
5897
4169
9367
4008
1197
6158
9691
1407
206
9072
8366
6473
9779
6956
2565
9316
6224
8240
7532
7649
231
7759
9182
9786
3333
6165
1972
6667
22
3757
5126
2207
9501
5375
5272
2261
3698
7931
6410
3894
3665
2378
8744
8232
4770
7518
6348
2186
2192
3858
9928
6577
2153
1973
4980
805
1028
1264
7555
7086
4048
1859
9521
508
7634
4481
2730
4679
4582
576
6821
6565
9302
7715
8526
8291
1080
3336
1286
8113
6971
3291
2745
7576
2316
309
4275
6918
6124
1503
1055
6237
591
3350
3419
5586
8882
7187
236
3254
2986
8209
2844
7762
3889
6185
3761
5813
9660
6667
7792
5355
3094
7363
4440
213
9513
5473
9594
330
7027
8342
1346
9551
6104
1536
9487
1106
2679
5612
760
9468
9139
5252
2239
6097
575
2187
3359
5744
9407
6405
3076
9433
153
8475
2365
36
7499
9543
3871
6414
5043
4511
9892
2544
9177
8243
7075
8708
2353
4241
1213
2895
2726
190
8373
1870
2560
4989
9174
3037
6158
7464
1543
180
9107
7805
3480
8424
4605
8978
1477
6377
9314
6833
2086
6292
768
4448
3866
6300
693
8371
4409
2310
3757
1836
2502
987
9281
2797
8594
9387
4185
2667
7690
1275
9086
5007
7566
4944
5865
2134
1744
2429
4243
1541
1084
5414
6961
3412
26
8845
7997
5059
3523
9285
5940
8088
8540
1375
5093
9331
9627
2455
188
7124
1514
2289
6697
404
2938
2202
7627
9266
4988
5441
9431
2108
4143
8544
4197
6319
4854
1657
2634
6569
9062
4297
2547
7190
339
1897
450
2894
8492
7596
9791
5124
6404
3225
7836
9688
4656
3197
4679
5045
1041
5121
2106
9563
1465
1318
7029
408
5933
6185
4101
6320
8322
5331
4783
1489
1463
3767
5586
7948
9704
2092
6534
9516
9548
1555
1987
1116
5244
1176
9863
3561
269
2671
2055
5317
7527
1843
8358
9607
779
8313
8575
7334
7352
8985
2659
3698
7464
4471
6700
9183
8665
1875
3368
3593
4830
1768
9035
5209
7894
1987
6196
5840
7101
5962
9057
6483
4924
8685
2184
7673
994
9144
6973
3179
5420
4068
8355
5654
655
4176
4632
8091
6747
759
6649
5479
8232
7405
8570
6948
2187
8929
1492
9846
6056
7190
2811
3699
705
1340
8844
3818
8914
8293
5510
1421
1972
7711
2094
9579
7389
4653
6051
2036
8885
2170
2633
5013
5731
5603
1694
471
2301
111
5475
2997
262
3051
5373
1450
5211
3217
2760
852
6761
9678
8751
9571
6095
3963
509
1839
7831
688
7132
5831
3663
3369
6470
3133
3706
4136
5327
6271
7725
8302
9404
7171
2491
7401
6083
893
3416
7114
2682
5814
8292
9814
5172
3529
8484
4902
7514
9203
8235
3998
9737
5806
5898
2186
3695
3761
1831
954
9013
893
6473
3287
8190
6219
8675
6425
9000
5175
8757
3198
4432
3106
2950
8598
5215
8533
5900
4231
7670
7604
5721
9654
104
6380
1737
6244
4227
8190
8481
6226
4230
9130
795
6718
5012
5972
3937
6303
2830
7257
9480
9483
6149
130
2515
2606
1843
2608
8137
3389
2058
3397
5547
4985
18
9137
6235
4693
8862
1965
8628
6881
6194
8724
5393
9467
8443
6750
1116
3374
3362
236
7476
4809
6031
5422
254
879
3601
2509
7480
148
6644
7123
887
1007
501
4395
3449
2432
8262
4271
4245
3648
8165
7558
8130
1483
2063
8376
1789
6805
8395
170
9615
4318
2582
9286
2571
3219
167
2174
674
9721
3152
9764
5104
6328
7990
5280
9024
6843
4458
9814
7205
596
8255
3359
3245
4143
6579
7682
9800
3752
5174
1397
1588
7438
7355
6930
3156
975
414
3666
3383
8362
2430
1503
6528
3571
3019
4296
5281
7016
4835
3211
4680
7179
8734
5890
7066
5106
4449
8521
7284
7032
318
4356
4243
8355
194
4098
9641
337
2962
623
7151
9473
321
2989
5731
8289
1403
2402
8806
5479
8634
5870
7046
2773
7840
1651
6223
5667
6994
4273
3192
5287
2256
5915
2425
8997
6981
5210
2742
8129
9239
4206
8870
2206
6034
9091
5300
377
7914
578
535
2429
5940
5378
8275
3717
4079
1072
8360
610
4024
2862
4318
5647
6153
2187
6309
4508
9881
3990
7916
94
9034
1542
2741
2565
3006
5159
2116
7992
2469
3902
8344
2454
9179
7385
8846
2859
3036
8218
5349
562
5951
4257
8821
8900
1345
3857
5245
1229
81
6608
9510
1690
8555
6677
4734
7012
2280
5787
2125
3969
8808
8120
2138
3767
7115
9986
1135
1591
6682
2977
9000
6844
8414
489
2256
7155
1272
4001
4089
7178
3040
7308
7409
1379
987
4020
9555
8568
8369
6070
7618
4735
5676
8719
1438
9933
1336
609
7324
4392
5179
5764
9279
8829
9391
8157
6092
4010
5906
8411
2046
5024
6229
6548
6188
6420
9546
4289
106
5420
7626
5361
7002
1725
507
2501
5465
4098
5257
5399
9795
5871
1188
4714
5016
3792
8828
3436
8744
7219
6686
8414
4005
7571
9378
1632
6764
1157
3038
2963
9449
2021
9113
3539
7080
5300
5602
1650
5734
5716
5609
1104
4035
307
6673
5384
7121
9266
747
9594
9096
3853
3946
6198
4378
5731
7217
9846
542
7811
3914
1223
5269
2695
7971
9760
7823
1162
6813
311
1139
9779
6435
9456
4034
3687
2212
2945
4296
7893
7873
6994
2524
7973
6852
2630
3436
9008
4726
4090
6072
9774
8828
9406
6838
7741
1289
3722
9645
9270
4724
3657
5542
8545
5582
4058
185
8253
8799
6882
1246
4779
8752
5608
9426
790
5827
7583
6151
8470
4870
1017
8192
7395
1692
2945
4475
2036
6473
9423
3181
5254
8332
9465
7856
5765
3699
9771
9686
9536
2153
8192
9394
7347
7367
24
6243
3334
7489
2755
3531
2236
8851
1666
9684
6275
9235
824
1510
6138
2113
1421
1563
4336
1233
2184
4641
3416
5727
4595
9439
5903
9526
9080
96
7691
5259
6960
8987
1620
2077
6992
6457
3445
8850
4595
5420
8057
9057
6518
8749
9889
1357
3595
5190
7741
295
9513
5187
923
4896
4056
1452
596
9006
5155
349
7430
6147
5270
9268
4314
3387
4110
2023
742
3269
1519
9019
3714
187
1446
1436
8523
7774
400
9009
1615
6847
1467
9101
6894
9217
8089
737
6270
1327
131
1005
5060
3046
8454
2813
2897
1202
3219
2373
1254
4478
5440
1988
9347
6139
915
8712
1262
3730
635
2287
8442
359
1954
6397
3343
479
425
5714
2039
4175
3020
7489
5807
7887
9670
498
4334
6223
1544
6038
6066
9057
1288
5381
4467
472
2568
5584
2427
1251
3694
891
959
4622
2846
85
2424
5740
475
1106
3014
8992
7833
3005
3985
3635
9242
1872
6236
7502
9744
1778
8206
542
9051
3945
2794
4840
7332
7383
5035
5394
8333
2056
8571
6430
549
1256
5655
1323
7714
3346
2344
285
5775
4252
7844
8909
4670
1177
4533
2371
9743
4912
3114
4667
9412
2771
5543
9556
2863
6731
6907
120
3925
1666
6268
6764
5080
6670
5646
9310
8565
8472
5759
7435
9941
9638
6926
5099
3141
5884
3630
8878
5041
6166
1630
7108
1883
6444
7218
6641
9498
3000
9271
6657
4222
4029
6043
4470
1633
8849
334
6536
5787
2530
8608
8996
2519
9992
1918
5990
6537
7706
9084
716
3546
3000
5466
3733
5438
696
3900
5388
8696
4278
7863
4373
3614
4151
803
2444
4658
8657
9703
6083
357
4472
5404
9512
4479
1775
7009
9877
8945
6133
2761
4652
2892
3456
5189
3337
1653
6552
4042
414
3990
1827
6534
4144
5888
2509
792
6311
4427
393
5020
1272
5854
1561
1860
8813
7779
2795
4735
4185
6668
4452
506
464
8259
2489
696
2892
334
6986
1755
2218
4434
7055
3349
4225
5489
2334
2501
5608
6111
9379
557
2163
5347
7267
9435
3831
53
421
3344
2588
735
8277
2311
3370
2700
808
4193
5292
7658
6064
2603
239
547
970
9196
8615
1282
9376
84
7467
1350
2045
7826
4542
778
1670
2371
2900
1817
2291
6638
4629
1908
6569
4976
8959
9961
6212
5676
9591
6802
603
1894
8410
2763
6145
8884
7930
2806
4189
9280
2792
2326
8521
2301
1421
4845
4356
7238
2566
6161
9532
6335
7839
8195
5165
7279
623
9802
7431
908
3755
1083
4313
5469
3216
2378
1185
4753
2771
9038
6900
3823
4946
8333
7719
2652
7028
5392
9825
4971
6893
948
2466
6919
2356
4857
2802
7639
9491
5822
460
1897
9900
9590
4455
2992
4250
4995
7685
2768
9592
9652
4487
4361
930
4856
4926
2470
3304
2286
5385
5413
9269
3510
8827
2994
8043
6921
9643
4287
6856
5780
7399
9874
2039
5319
986
3746
7271
6476
9696
1135
9071
8780
556
9871
5065
5132
1892
4497
8895
6810
1554
4357
6711
7848
4473
9136
4110
4186
8303
7926
9112
4416
7792
775
6325
5808
8211
4918
9760
1384
5687
1391
6977
1266
7611
1574
5173
4235
9413
7354
648
3541
4963
3083
6678
4326
6599
2251
1228
8736
7373
6901
5180
8775
2463
3214
3797
6270
8933
2394
8977
3934
3006
2020
7542
1435
1835
9354
1259
5638
2424
4771
7603
4739
3751
407
6370
1870
9449
6423
6156
4948
7445
4862
6445
6028
9853
8966
5621
5233
1107
4050
2515
1438
4846
4547
9328
4344
364
673
6695
291
7585
7313
7490
7231
5472
7211
4539
2666
2529
269
8851
2002
9641
933
9184
3797
4861
5944
838
2668
6983
5540
1361
253
9705
2148
3594
9549
1058
1982
1897
8190
3367
6611
5721
1792
7489
3493
5795
9354
1322
6798
2094
8892
6632
2378
9500
2973
180
3678
6605
629
4764
8590
5449
4229
3353
747
5172
7358
4784
2646
511
2454
2643
2087
6884
5038
9881
7906
7410
4730
497
5756
3607
1932
6171
9763
751
3042
135
1293
939
6385
2753
1788
1719
5655
3289
2628
5830
7596
184
1354
8091
5891
7774
187
8738
3801
836
9795
8631
3940
9626
8486
671
4772
7111
4628
3484
9904
7020
7987
7966
8056
6001
3873
4671
8709
5709
2531
141
863
958
5034
3285
75
8199
6107
8707
2021
4559
3744
2478
9178
1395
5276
7248
902
7938
9646
7865
6198
9939
6009
5657
2746
5462
9531
9427
5401
4967
6258
3858
2293
5630
274
1511
6916
519
8022
2875
128
1665
6610
57
6882
2316
5220
3595
8665
7789
1297
8614
4125
6139
6142
6080
7182
9642
7682
7279
4023
5537
1779
4777
7815
9832
7234
1146
2733
1090
3812
7479
6925
2085
7073
7367
7435
5942
8563
8390
8765
9981
5027
2430
765
4853
5674
8140
843
8747
2269
3754
95
6478
2831
6108
2911
1075
6064
2198
4826
1104
297
2902
3977
464
7667
4601
7358
8576
1562
3344
4278
8039
2918
7931
5906
3635
8884
2823
1599
1334
5557
9166
9816
8395
5026
2346
3877
6025
5819
7498
549
4186
4958
169
2494
4062
9330
7957
4011
7491
3833
327
3162
4214
3851
8077
2362
7198
16
942
3843
3467
3915
1675
6004
2901
4451
7639
1586
279
5876
6373
8882
6473
170
9942
2712
3155
8438
3946
2786
1635
8210
982
3265
517
6178
5110
8795
8753
8757
3379
9130
358
6112
2842
6550
4585
8774
6655
7739
641
9848
833
4502
9208
9930
4012
5784
3932
6351
6193
6808
4848
3096
8846
9836
2239
2879
7980
5041
3845
8220
3833
9305
525
4109
5685
5364
5467
846
7955
3635
9894
2003
4252
4356
3824
9084
9293
8161
3901
1451
4749
9132
1576
7316
3969
5536
3975
9237
2277
9927
6693
5419
4060
2146
2439
6346
5238
5818
1970
4804
9859
1424
4081
6177
2547
6736
9535
5058
4319
8477
9784
3686
7895
7437
5080
7471
34
2944
8157
2998
2665
1599
9028
4246
1616
9490
3674
3535
1606
6698
4374
4677
8817
7868
2275
7193
7861
2845
3422
2084
8234
6935
7921
1605
6449
1227
8153
7793
3975
9571
6071
7038
7813
340
1429
955
109
7877
2560
6953
5523
650
8784
5487
276
603
8856
4775
4746
875
3022
7928
2290
7192
7168
1908
574
1526
6329
2495
8096
5367
1386
4532
7826
3894
7160
2134
1934
1675
2332
9228
6407
5127
1595
6854
2053
6896
8291
9964
8843
2579
1413
3123
3839
740
4300
1479
9083
3076
3600
629
4692
2733
6180
6618
4177
5287
8513
5190
3522
8724
7779
7637
2916
5834
6448
9099
200
4908
2401
4033
8063
2338
4808
2692
2828
3796
1909
1930
1246
9035
624
3436
3166
9027
9466
2560
2137
3152
5640
1322
3084
8464
4395
9890
6009
2680
3697
1847
7375
7450
143
9908
6273
8740
2634
380
791
6684
8806
6644
1097
8173
5443
4202
9648
1580
8212
2421
5711
4547
7896
1003
854
2572
32
2425
4498
8220
2375
5132
3712
8246
9883
6079
9471
8646
130
5383
2349
5719
2919
312
4239
4570
6693
609
9117
5197
876
2223
5063
283
7671
1956
1833
8101
9048
1198
3105
8608
4649
2998
188
689
4172
3016
4473
3770
3426
1572
9194
7596
6697
979
7155
9812
9317
9590
17
2177
3421
1615
6454
2740
6734
9635
1034
3105
8956
4976
3023
7040
2790
9607
4493
9106
7019
2088
92
9741
7137
9227
6595
6267
5008
4580
9010
7690
2779
4684
1376
4813
7847
4039
4671
6193
5068
203
1226
4783
9578
1124
4966
9700
8633
7836
9402
2514
3672
6977
821
7685
4448
9263
2384
2335
5539
1983
5959
1398
1774
5886
2431
409
3215
9397
7958
9635
2206
6007
3178
111
4692
3899
4732
4213
5540
386
3638
879
2885
7597
3013
8292
9701
9958
8451
4931
1699
8532
7955
3227
9446
2003
4737
8786
9172
9215
5448
2097
1072
3563
8402
8974
6186
5240
1256
588
2862
3385
5247
3879
1704
6503
3564
8389
3488
6181
4742
6105
8014
6084
8054
6765
3097
5506
6797
2294
1975
4311
7096
470
4320
4029
4399
9804
705
8060
7168
4666
2905
2487
7466
2162
2730
7816
1096
13
230
1123
5750
7703
8036
7555
4224
1593
2400
9887
1171
8318
3019
4960
6108
9829
3166
6185
2403
7714
8803
2035
1847
4067
389
1481
7087
1107
3907
8632
9633
1982
8275
525
9509
763
4736
3955
3647
483
113
9507
4104
4294
9861
3560
3877
6256
8732
1912
7623
5130
6592
1897
6983
6638
4412
3391
5333
7080
788
2942
4791
3971
2479
9405
9091
7387
3405
3935
9531
9094
5293
1953
7640
5212
9746
9797
7408
2158
5881
4172
1989
4932
9896
8225
4627
1402
2917
4082
1225
6199
1314
8045
2453
3078
9295
1285
6595
5137
7058
5825
413
8172
9005
2894
4241
3629
5630
8314
9257
4095
9555
7484
9398
6083
897
735
7755
2000
9649
8361
7448
5589
3089
3469
9952
2902
4364
9925
9648
3911
4334
2173
1968
8243
2540
3427
3909
2182
4709
8874
9957
3097
3613
903
3452
1764
7287
4069
3317
2645
3619
8583
8724
7148
3157
2379
9755
5112
2599
3547
394
5334
9894
6791
1313
6815
8125
9937
3803
8590
9443
9029
2953
7491
2171
3499
7709
13
3920
6092
7799
6562
1072
5750
2680
3798
275
5503
5642
3521
776
1564
6988
4640
7319
4292
3817
8072
2133
6450
360
3171
1080
9281
2033
8218
3435
2337
8423
6856
6961
8677
5277
6943
9942
3123
3215
8252
9689
7538
1391
658
2619
3809
7594
5056
4520
2133
2404
5072
804
9483
3911
8848
5683
755
1256
6662
6046
2951
9790
1944
535
999
7978
388
6824
2316
6374
4271
409
6073
1954
6838
6390
2267
6876
4689
1627
5155
9363
4445
8449
5400
5803
3660
2655
5358
7391
4965
7909
2330
1691
6686
5881
5326
9328
2856
6427
1905
8711
424
4988
3003
7145
1737
4977
5296
4993
5910
1396
2623
652
3589
8170
265
8017
5772
5763
8450
4841
8854
7540
4388
9936
4884
2998
5307
9519
8108
3544
8531
8164
6349
1790
8444
7817
8465
8480
4362
9093
7236
2110
7772
2705
369
5066
2196
5288
981
6667
4008
3080
2963
7897
7948
9010
5869
4799
6768
3556
8662
7514
502
7419
1510
9775
7150
4547
133
9301
3266
7308
7721
2975
9841
1742
5313
1954
6218
9723
2734
941
2293
6581
8652
2722
7220
7315
136
3760
1001
1821
9231
9181
3898
9783
6458
5765
7430
8813
8933
9731
9870
5246
3833
2023
8619
5571
6310
7574
1616
7919
4630
6602
13
7251
4333
5377
4777
4915
7476
1071
551
3127
2678
361
1173
7551
6593
4225
2560
6682
7703
2036
328
4989
8846
6513
1484
7897
5805
7307
1789
588
5432
5133
2994
9360
8292
180
7036
3782
7614
8283
7514
273
8456
5804
2261
2876
8421
9538
4705
4985
4004
1050
5815
6583
4719
5829
2945
5128
500
6387
6606
4667
6578
5008
1342
6973
4007
6250
2236
534
3341
1464
4322
8103
3565
7654
8176
1138
8314
778
1329
5
6690
9257
1754
2034
6484
6884
6681
5682
3549
5611
7254
7945
2191
7722
7110
3883
7975
3836
915
1689
6152
7847
7037
4061
5987
2417
7119
6814
3772
8989
4117
8654
4981
4381
9543
1802
9132
2017
86
1795
9256
9557
3596
6179
1586
6309
4466
6042
34
3160
8892
1399
4377
4977
1144
1249
645
419
3077
1846
7180
6955
385
2156
36
9478
788
3796
6992
9395
1306
3824
270
7292
4023
2711
4283
6374
2356
6493
6181
5755
2739
1702
3818
2367
9836
3983
7843
7772
6934
6508
2068
1481
7000
2229
9024
5517
4027
4866
5622
5913
8781
7058
7287
5588
7809
593
7515
9616
9672
2800
3899
8300
7768
5259
885
5645
4810
5850
4214
835
67
2780
1875
8165
6796
9767
1695
6472
3961
4799
6193
2594
3287
1020
1242
4631
9960
7201
6239
9850
2917
6980
9976
8961
8503
607
8228
3204
9558
263
6171
3178
452
215
1203
8675
7486
6020
9458
6909
3184
2814
2367
2489
2477
1278
8009
6242
8575
1354
5642
1541
6371
7938
831
6227
1661
9895
2872
5355
5153
3521
5850
5046
1269
4305
9579
524
3086
6278
6945
2075
6406
6552
9691
1082
7922
3750
5600
4579
4692
2937
6157
818
4759
6394
5331
248
1631
9130
6855
5976
8548
361
9560
5317
2006
7357
7716
9343
7820
6050
6090
484
7188
3575
7477
9183
4651
1509
3857
9359
4645
5017
968
9010
8414
2317
118
6675
8450
927
358
6662
3359
2020
8729
5973
2057
1854
6273
3661
2546
9749
2698
9005
7164
5358
3186
8333
3191
4092
6657
1566
4920
8465
6020
8664
946
4857
7429
2993
8285
9744
7345
3375
3161
6787
3353
9055
6834
6331
7110
2177
3667
1869
5519
453
7778
3781
9316
8703
4113
9306
6600
1666
9501
9071
2533
2074
9405
4775
5419
7366
6409
9633
3692
5595
7278
3061
7939
6131
6364
3741
7055
3537
4547
671
7818
3672
4503
127
2782
9496
5066
7532
2213
317
9734
7167
2005
2307
6948
9378
982
9968
2682
4482
7827
7973
9074
4911
9958
255
6393
2323
4158
8607
9430
4363
1450
6127
3577
6575
6807
1846
325
8538
7647
1588
6670
9743
3728
6723
8009
9945
5076
6825
9524
757
3861
4475
6741
127
788
434
1994
8974
6454
5251
9852
9782
3429
8989
1226
193
5301
4217
2827
778
4869
8664
5926
5069
4795
3009
5957
1663
541
6152
2401
2751
7227
5039
6597
780
9162
8588
3666
5116
3222
5607
3561
3573
5004
4726
5398
9431
9749
306
8714
3203
8367
2065
5035
9812
2610
7696
3271
6059
2426
7189
2799
324
2809
4722
8868
6279
7118
9014
5939
5068
8741
5859
5929
5876
3229
7187
9987
3119
8596
9444
4372
9569
2339
355
3301
8658
9896
7190
4197
5929
807
1544
3701
9147
5580
5352
5988
8926
8443
349
8478
6910
8558
8515
3871
6501
5034
4194
1562
1959
9130
9492
5977
5240
396
3359
4150
6427
2209
1295
9922
2771
6114
7023
7572
3449
3740
9675
3382
1974
9622
30
9686
5856
8239
7181
2262
3616
3801
2626
8599
2517
1865
2245
1530
6495
7760
7872
9988
2694
7944
9240
6236
6715
6949
3976
6830
1261
4344
8010
2764
183
3283
1264
2809
125
4635
3839
2848
4925
8433
6011
3205
3721
7433
1333
5402
2338
5955
5873
9550
8910
846
8200
3698
8959
409
4130
6829
2155
1441
7396
7923
2874
4148
2482
4535
9305
9639
8617
5666
1349
4929
4609
5352
5854
5960
2618
5374
8801
10
5238
7756
8020
5020
4329
303
6696
4910
1927
1337
7496
6707
3245
3015
9493
7478
9308
6104
5224
6446
2071
2961
3212
452
8005
9597
2045
8957
7098
2177
5753
8154
2955
8065
6580
2441
6278
6646
548
5508
8364
513
3180
2584
3489
3357
7659
21
9021
6906
5322
8312
9956
5598
8916
9907
193
4321
2269
3702
6303
1534
6204
4015
833
7326
9378
2964
1223
3593
4495
1723
7330
1387
4881
7908
5235
8714
3726
3456
7516
588
8517
9817
503
1981
6129
5008
7165
3449
9836
125
202
8700
8117
1315
3719
3132
6553
6831
3394
2441
8312
7859
4444
838
5794
6049
3911
9092
5838
347
8766
3656
3574
621
4194
9469
5464
5853
7001
682
385
194
7596
5507
8707
1067
207
3678
3217
9685
5094
7588
2495
5825
8392
1073
6879
5543
4917
3031
9487
2583
6791
6578
9977
1725
6036
8290
6659
4997
2453
6226
3385
9797
9023
9898
1254
1275
5853
108
1566
76
230
1697
5695
463
4765
7603
9606
3227
7780
8390
5566
2331
113
7389
1295
4231
341
7958
7261
4023
6037
6020
6120
3130
2159
7973
4407
9130
8889
1373
5510
9474
334
3363
4652
7365
2399
9726
1201
9878
2798
5646
931
5480
8725
7793
1054
604
7994
6191
3808
2611
7617
3464
188
9580
9715
8531
3990
5706
8432
1581
7782
4776
3092
7279
6620
3197
2211
3502
2384
8340
195
3678
1453
7589
3548
1768
1102
8427
6235
323
5508
118
4496
3648
497
3112
9838
106
7310
3158
5202
9856
9564
3317
3366
6902
4306
8521
8535
7232
7621
4166
1769
8061
7575
2334
8402
6670
2483
6664
933
1225
423
9644
4003
79
6755
4148
9015
512
9965
4421
4731
2685
2604
382
6723
9617
3299
3117
2966
9438
7861
8747
5043
1859
2375
2456
4461
6832
8804
4421
1359
9716
4149
4606
8579
3912
7465
3959
7468
8884
5145
5405
3077
8776
3834
9210
5458
4407
1998
3808
690
9340
5786
4954
9917
8912
2111
3209
7220
9674
2102
2200
7462
5482
1000
7809
3367
5677
6421
1546
7061
216
5446
9692
5037
6409
2490
3509
7119
2017
4051
4778
9330
9835
3551
5263
7814
9630
9291
8305
5956
4301
1217
5667
9645
8491
7687
3023
6301
9509
1701
3023
1692
2406
7173
5737
4861
3292
9733
2465
5535
7617
3278
396
275
2976
3029
2400
3336
9282
8217
8363
5694
2612
2659
1904
1044
2910
9500
9048
691
9874
7161
3506
202
5793
7144
6559
9462
8914
764
8249
4337
5974
1109
540
2527
7951
8559
2466
8411
8789
3053
1855
1666
2896
3978
8175
2295
3520
8993
6295
311
798
6430
1496
1769
5201
2002
1946
4133
9393
9447
6029
2990
9113
6516
8416
9033
1558
2182
582
8943
8014
8371
8555
6276
5945
9630
3180
8819
4634
7159
5848
6989
7600
9403
5762
3811
4479
17
3145
756
4840
5427
6480
5311
6485
8439
885
5524
1188
1395
9013
3965
1551
2217
5484
8564
3647
9352
820
588
1508
7120
1045
695
1113
1236
4729
2388
3543
5398
63
8516
9204
3747
793
499
7634
722
1280
1853
303
9388
7812
7288
7020
1662
5361
6165
100
9027
6453
4410
4262
302
1548
2127
4418
3839
8359
5099
7913
5093
965
7117
2626
6971
8184
6661
7361
9544
4731
5834
6411
7789
7950
1649
5857
860
7544
9776
5206
4052
5657
8694
4296
5119
9910
7798
2071
9871
2540
6484
761
8101
4668
2490
6299
9800
5905
6834
3391
3351
5986
9580
1546
1912
6951
5365
6602
1604
1485
117
783
5212
5486
737
3203
8155
656
7628
1833
9236
5966
5924
7445
7275
5242
5008
9814
6193
1755
7511
6539
5285
9737
8339
5251
8498
7027
1483
692
6387
2670
7394
9161
7044
8233
6488
4186
7846
1848
5029
8893
8072
9528
8043
2554
3631
9205
200
1018
8984
9085
9670
3376
8118
3436
1831
49
5959
5715
9429
753
3950
1072
3262
4292
8711
7689
2832
5975
658
9161
9492
2605
251
8191
5606
9448
3155
5219
1964
8367
2004
4314
2295
1396
1686
2624
8093
9427
7123
9009
9157
1390
7347
2096
5288
5348
7365
7900
2360
9243
9775
2454
1678
5709
1370
5385
4922
2300
6108
6292
8276
5777
4698
6934
8404
6679
2814
8746
9805
8312
4479
6996
7804
2479
4498
23
3913
2828
4024
4432
647
5520
6275
4843
1002
6064
5245
9888
3741
636
8831
4469
9409
9980
9244
2021
3574
4060
7754
9481
3141
6051
7919
1989
8836
4955
1245
3964
1917
7161
1933
8125
6028
8613
2815
4273
5726
874
2905
5210
1657
6375
8058
8036
8641
377
175
5247
6965
9794
7113
1558
9096
1889
4985
9165
3699
9106
6912
6301
6379
9809
7439
1358
1872
8517
9811
7589
5541
3418
4089
1477
3008
3371
7714
1210
5468
1393
6494
386
4848
6723
3285
6082
7331
2946
3609
9698
5973
5365
2355
3640
3144
6871
3359
6806
1355
7835
4119
7110
6660
2279
1238
9819
2277
9456
8229
6344
1321
7325
6297
9328
6626
1940
386
6355
2506
4698
7362
6394
8018
7597
528
251
3781
5183
4846
8698
4741
692
220
9702
9401
3070
5986
9251
1989
978
8341
8617
7775
9702
3888
4584
3365
6955
6680
8197
3121
3954
3195
1823
126
8893
9531
4023
5048
929
7761
6581
9153
4152
3897
8346
8282
2665
8161
6061
3116
9843
9404
3236
7264
7136
9404
4301
8815
364
9516
2770
2855
4334
1684
8961
2172
9859
8171
4907
858
737
9544
1577
850
2133
8421
6215
4599
5927
7274
5691
7974
3057
2193
5132
6292
7674
927
9765
2938
3012
2756
1902
4399
4251
9774
4315
7766
9411
4018
5862
6735
5287
2578
5144
3
1824
3229
3244
1525
4935
6515
7125
5626
4765
6211
1158
1148
3654
9109
5420
7932
5661
6709
5904
5799
7385
6021
3567
897
8060
3963
6306
6785
5413
61
335
7968
2601
5109
5204
1687
715
9245
9775
9779
795
1499
4782
6117
9057
4288
1369
6756
9155
560
3896
9291
5662
8343
9702
5091
3709
7271
8063
3153
707
4376
5556
7064
7441
1877
5272
7264
7466
7995
2859
9189
5696
2938
3293
4193
9361
6109
8388
4158
7085
7306
6631
2638
4736
4256
3647
5058
9939
1140
3804
7986
621
7960
831
2848
6842
8566
8102
2565
9290
5954
7295
557
2280
7058
7487
296
3894
5641
5436
196
957
1181
1811
2972
1966
3622
7403
841
6805
8760
8005
7900
8073
6670
6556
8887
5235
6098
6403
9127
9420
969
79
3932
3665
1343
3874
6979
689
9998
9663
6267
7857
7595
1916
3128
6892
3894
9682
4468
4121
9862
384
939
5548
5656
4763
4040
9903
2475
6
3295
1951
2035
1170
609
7812
6042
9372
2642
3835
9458
8920
3633
618
5560
4523
484
4217
7858
4040
9104
7256
3785
1853
6042
3703
7729
2876
2226
2394
6456
7439
6312
6062
8288
2879
3533
4571
8469
8500
2249
3333
7081
6772
4442
484
2625
5128
8297
9282
3877
9512
699
5425
5025
2968
4999
2472
4227
9974
4705
2439
3736
9997
6910
2752
507
1751
197
5217
9815
3082
538
7449
828
2
5258
2277
2306
2468
9543
6050
8639
3749
2138
2476
1293
4869
6922
4666
8389
5551
4851
4370
5634
8315
6393
4065
5098
2950
8042
4494
4454
4441
7732
7565
8183
8626
3084
2066
4019
6347
3255
7577
2396
8649
9893
183
4075
2734
5201
2077
1223
771
5426
6031
270
1444
6231
4817
596
7144
2358
5156
1745
8095
7757
5537
3268
8400
3888
7326
5508
7952
3357
8997
6712
8495
3173
4039
1684
1723
6974
4087
9872
2233
8361
199
6249
8417
8139
6828
6653
9888
6686
5007
346
957
8948
3545
6466
5831
3627
9612
7783
2682
7
2999
4703
589
5575
1546
4820
5425
5080
8763
8486
8230
7022
8495
8840
2326
6676
5648
5538
3512
5716
6442
5013
1032
7271
6447
6536
5685
1775
9719
2546
5464
3431
7800
3787
8384
9232
3002
4626
6809
2534
6467
1590
7506
996
7805
8662
6891
4322
9786
6127
1505
688
8490
5914
9610
2025
6633
5236
1000
7347
5352
2124
8581
265
7634
923
7123
1467
4800
3243
1664
9478
5957
9955
517
3358
9194
2859
5536
9074
2441
399
5397
7294
1352
428
5971
4064
1380
4442
5592
7424
1288
1902
1990
2388
5721
357
1972
3939
5211
6868
4555
2654
2990
8964
3192
451
9320
8790
2958
4530
5726
2428
4147
6074
3442
7460
4573
6506
2703
5762
9066
8179
2047
5256
6145
8264
9749
3867
8653
4298
2680
1312
7264
7360
1429
9483
3192
4160
4354
203
9199
2478
7399
9882
6026
5324
934
4240
4758
7947
9710
2662
4329
8403
7053
978
7322
6776
9854
3506
6582
333
6615
53
9738
1915
6840
1232
8669
6686
6392
5922
6223
7983
92
8010
3001
6488
9793
5634
2944
8170
3455
5082
7594
5527
8305
3218
5437
3567
9097
6846
4502
6620
678
4797
3540
4624
2603
8649
9528
7825
2374
1025
6982
6976
3040
6142
7625
2065
326
5949
7323
6365
4291
6553
896
4154
537
3904
4374
9880
6441
4724
8616
3679
8577
8530
7792
3237
8509
9265
1183
4739
5499
528
6993
6341
6306
6683
2412
6006
4216
3243
5060
1836
1726
3821
7095
7078
3890
7684
4800
3887
2235
1482
3226
9617
2358
1078
7625
6915
1868
4569
820
4236
9139
5565
8407
6504
7514
6601
1733
6613
4066
6124
1988
7215
6773
8961
7393
8810
9075
9350
9494
4538
6184
7717
3864
4284
3192
7164
5125
693
1112
3378
6157
7542
3260
2072
6584
6520
1075
1429
6192
1944
5441
3066
4808
4179
6805
3999
1337
1609
5039
3776
1165
7891
7835
5519
2929
5919
4670
6961
2781
2439
1895
7708
6701
7576
3331
1966
9164
1660
9916
1754
9515
7709
1405
4209
5783
1656
2911
8034
9333
4002
9132
8342
2775
5954
9552
6221
7820
305
8592
9153
9430
2322
5701
1141
7508
8727
1749
6827
7637
3501
9707
2213
7934
7675
9567
5667
9938
6545
9745
6848
7657
1810
9770
7875
364
8019
1996
639
1572
2415
3260
6488
8709
4771
944
9695
5447
9133
1746
4082
1422
2514
5592
2987
2071
6560
1618
6338
4757
6922
7883
5037
5958
1675
1607
2072
8368
4504
2102
1816
5992
565
4265
3837
9997
2941
6573
5193
7956
5446
3809
5684
4430
3148
1419
3795
1325
5440
5374
7205
2377
7759
8673
621
7275
7085
3196
5438
7444
3290
3557
271
7291
3064
7782
8750
1865
5673
8178
1134
4300
120
4599
9295
4144
1422
1461
388
752
9645
9317
3148
4289
9134
1595
2165
544
6899
7156
9711
4794
8556
9783
1736
4218
7363
6362
4512
8024
6957
6588
1058
9337
1177
8362
1968
3187
5012
4654
3544
456
9161
9636
7247
8536
6941
4106
8404
5607
6373
2839
8803
6981
2121
9410
7407
8701
1708
7215
5700
5771
7900
8979
9418
9772
4487
846
6326
3397
5839
1318
559
7470
1529
9766
7591
9405
6111
4000
352
723
684
1496
6222
5259
7279
4257
6682
8975
9289
3013
6241
6935
1181
2476
4949
2919
8541
5720
9247
2397
5154
2391
9248
140
7250
2433
6584
9630
6317
4260
5932
2576
957
3941
5010
3389
5137
9811
2411
5219
4888
5170
9967
1327
8020
257
6537
7961
1728
3487
3045
2667
1130
1154
4430
5012
7678
4190
2748
5085
188
408
7085
8787
2788
721
172
7964
3455
8204
8635
7692
4034
9641
3671
2685
7637
154
1588
9710
2111
2902
