92272
98604
92826
91849
98831
98631
99367
92186
92102
96726
93925
97508
96129
99994
98003
97828
98781
91795
98259
96867
97957
96265
94700
90876
96821
98868
94760
95174
95439
98406
96119
95132
94114
98609
94228
92495
94541
95521
91510
92390
98497
90243
93906
91134
90196
95292
97043
90055
97659
96818
98686
95942
90516
94235
96312
94444
96481
93437
98670
98763
96422
99702
98013
92337
98431
91634
95318
90838
94569
98044
94249
95798
90097
95551
90906
99433
93891
95844
95441
97818
90472
98078
98523
97500
98646
93633
90342
98804
99078
97630
92329
97642
93285
94009
92106
96472
99551
98710
90311
94183
97011
98573
93896
94170
97774
91937
94244
99627
98388
90585
90024
95168
96153
91697
94113
94298
92828
92771
91068
92966
98165
92078
96687
90446
98326
92180
93975
90150
99747
94252
90508
94611
97294
96516
90604
90839
96653
90982
91987
94539
94832
98847
90694
94256
99359
96402
99863
99421
96306
90126
97738
99472
99644
91736
97734
94771
99565
91407
98728
93853
95418
90130
96886
95707
99668
90203
91257
90254
92924
96257
94164
94942
96458
97874
93955
90501
97902
98850
92090
94261
97837
97478
98725
95188
99820
96837
90964
90782
94107
93984
95771
92349
95770
92244
95181
91788
91206
91272
94878
90019
93147
95518
98479
94416
93206
92826
98937
90250
92681
91448
95350
98993
96929
95543
98176
94593
95956
96336
98343
97312
94011
98567
96090
93609
94002
99591
93482
99634
98289
91551
90526
95436
96056
95406
98522
96700
98849
99291
95922
90951
90111
92680
91283
95557
91591
92109
95162
95569
99335
93860
97768
90468
94663
93929
92021
90222
90981
95844
92314
92711
95610
92446
97696
96543
96869
98642
94486
95543
90601
98297
97372
93813
97059
99924
99947
93132
98571
92668
95328
97698
90812
96150
95027
94734
95640
95228
99531
93312
91430
93419
97227
97908
97663
96821
99222
97658
94091
93728
96375
97063
91247
93818
91451
98978
98273
94778
93657
96119
96104
93554
95046
93045
98872
94014
98268
96572
94085
92759
92987
98952
92606
90049
93887
94758
92736
93388
96675
99420
98826
97139
99720
94598
93753
92786
98051
93181
96315
90879
93325
94618
99158
97578
98062
99456
90185
95773
94960
90532
90570
93217
92438
97082
95481
97858
95659
97170
99408
93589
98265
93328
96579
98026
93790
96055
98391
97600
97318
99921
93989
94228
97294
97404
97172
92159
94648
96343
92668
93204
91352
97847
97470
93458
93385
92925
98428
94929
93699
97657
95542
90980
99239
98782
91563
95408
92309
93773
92356
91138
90678
92122
99279
96011
92678
97410
94306
99963
93254
92980
91034
99993
94442
97545
99831
96758
99059
90901
93396
99382
99540
94065
99780
93119
94785
92626
93508
97873
96662
96866
91885
94261
94361
97305
92774
97922
99199
99700
92181
92034
94654
99291
94856
92679
96433
90045
98736
91569
95196
91045
94600
95940
90178
98799
95536
95948
95429
91187
96968
95772
91614
96086
96878
95831
95429
95248
97604
99985
95528
91955
95127
93433
98602
99144
99118
94102
91705
93265
97179
92784
97313
97923
99693
95007
95666
90555
97488
90677
94936
94820
93122
95921
93520
91170
98013
95211
90296
98158
91872
90875
98119
97442
97924
91367
92976
96137
97276
99349
96266
91225
98431
95496
90481
92046
93457
94237
99194
98547
90580
93172
90715
94942
94089
98792
91039
90694
96370
97286
95760
93332
93581
90742
92547
90503
96046
95830
95436
91894
96809
94205
99728
95150
96909
91255
91604
93789
93978
92605
99683
99235
91505
95837
96711
93580
99727
98217
98345
94433
95548
99963
92525
98324
98070
96532
97350
94524
98409
92735
97566
96854
97282
96097
99758
97073
91546
96828
94192
99803
91331
96986
96870
95553
92709
92002
98812
95407
96946
93580
90844
98204
96282
94185
91224
98613
97945
99812
90362
92420
92611
99546
91533
93560
90901
97540
99050
95939
91663
95462
95636
91937
98758
91217
98896
98640
98879
92802
92748
92286
91509
94516
93381
91230
93567
96442
90951
97769
95509
97088
97553
99610
92677
93419
99229
92455
95564
92089
94782
96207
95331
90641
96984
98648
96357
97677
92397
92066
95941
96567
94489
90310
92342
98110
90957
95986
96272
93777
90279
90117
97695
92629
94369
99498
99305
91830
93929
90168
90427
92783
90582
98958
90248
92347
95218
98918
97254
91360
95087
98562
92550
90708
93149
99345
98341
98592
91944
90556
99263
91300
90791
95903
93496
93792
99566
91449
92608
95716
94434
90309
93952
93091
90989
95494
97103
95818
98028
98676
96293
96439
90848
99248
94089
96093
96384
95064
97676
99533
93789
93487
98020
92194
93102
98963
93900
98839
91549
91270
97360
95103
91728
96755
94468
90363
98417
93443
95447
92812
91087
99706
91213
95347
97319
95361
99158
93943
98291
93499
99601
98548
91239
91138
95757
90228
95387
96885
94318
97266
97214
94186
90740
97249
98126
99448
93230
91775
92620
95361
92061
95359
97826
91066
96329
90345
95984
92485
98574
95208
99813
98073
98757
94487
97043
97540
93041
94764
94404
93678
99516
92617
93278
90320
92572
97270
98922
92679
99970
92778
92648
99840
91828
92031
91712
93008
98719
97595
94757
97278
96858
92457
91635
99144
91982
97135
95172
96745
99912
98268
99020
94937
91051
97815
90125
92672
98076
91282
96542
95884
90955
98040
91318
95107
91098
96692
91019
93388
96899
93733
93073
96701
96237
94260
99587
96047
97614
99410
96528
97681
90498
96321
96237
95510
97197
92976
98138
97598
93107
92031
97194
96933
99548
94901
92174
95130
93561
99766
96109
96585
92009
94939
99474
99747
93131
92075
92543
91635
97303
92058
97160
91506
90142
90126
99719
99661
95380
95739
96540
97784
91901
97032
90019
97919
99261
99315
98945
98218
98614
91988
99202
94916
91493
98513
91699
91667
97153
99629
92822
99317
90311
90853
98972
91460
95013
91520
90813
93740
97107
94081
94732
97730
97318
99198
98739
93455
99309
94299
97517
98130
92229
90674
96656
92553
95282
96944
99269
90705
92599
94807
99087
92603
90325
96292
92944
95219
94230
90483
92079
91345
95401
91646
96128
91727
93590
99981
95811
91458
92675
90880
90387
97675
90327
98471
93737
91940
94473
94483
98576
97317
92443
94036
91750
97143
94757
95793
94835
99750
94479
95148
93312
90993
94731
95563
94496
94334
91559
95003
99072
96445
96658
91542
93633
94815
94640
94624
91902
92706
92514
96217
90473
95910
94833
99166
90865
95268
96559
98393
93403
98662
97135
94311
90070
96280
93443
96768
92795
93357
96426
92190
90896
95321
95933
96173
96373
91271
91087
98732
98565
93083
98883
99639
90360
99060
92084
96859
96535
93030
98522
91944
91118
92064
97875
92438
94697
98553
98693
92828
94511
95329
97992
92410
99840
95673
98110
90515
92726
93625
90638
97009
99381
93822
95269
98721
90770
94249
92171
90473
91810
99747
90085
92812
97368
98911
98807
97179
99849
92071
93876
93265
97498
93486
93406
92607
94796
96558
91787
97105
96283
96922
92687
91043
93017
94608
94259
90488
96461
93089
92725
94445
98084
90039
96644
98073
94180
91865
93077
99378
94522
91675
98561
97373
90315
98249
92405
91434
91638
91795
97107
98731
97058
90778
90919
99057
98426
92978
90513
94086
92001
93052
97526
91178
93003
98372
91357
90208
94429
94645
92000
95576
92574
92950
90922
94546
91061
90198
95059
97387
92380
95758
98818
94371
90964
97979
91679
99667
94627
95733
94449
92360
91857
91699
95498
90422
90859
96100
99448
94306
92550
91881
94669
93028
93752
94894
92668
97097
98717
95555
92020
99444
96819
91663
91826
97646
91763
95585
94842
98143
92978
92860
98424
95922
92983
93406
92201
91164
95491
91001
95020
97756
97753
91467
90084
97210
97217
95086
96473
95579
96981
94160
97257
90196
96687
92363
99253
97763
95540
98538
97182
95169
91949
93943
95416
99724
99905
98596
93830
96010
95688
99323
90354
92447
99734
99414
91760
91830
97570
97344
95915
96611
90608
99949
93310
91484
92304
93637
92995
92968
97659
95760
98241
98103
94402
97081
90206
92132
92315
95464
93702
98068
93090
90325
97722
99464
96892
97208
94856
91334
93375
91902
97898
93200
94246
93935
99025
92532
91728
99982
96775
96485
92227
98759
98696
94735
97362
90304
93059
96496
95153
94210
91256
90335
92582
93314
93690
96287
97036
91656
95790
95921
98189
98065
97592
97557
93775
99684
99807
90582
92403
92902
91703
94972
94060
92733
91235
99548
94297
95488
95903
95223
91199
93761
93546
97584
95204
97190
95926
96486
90602
97246
94357
99049
94082
99384
95857
96429
90144
91295
90357
94030
95309
91702
94331
99461
93142
90172
93917
92477
99888
94772
91018
96353
96156
91007
99233
90744
93544
92484
92507
91918
96363
90997
98350
97446
97668
91316
99184
98914
95711
93879
99919
98060
91616
96775
97213
98811
91590
96964
96047
90171
97310
99476
92210
92623
96244
92524
95081
93786
99639
95902
93723
97429
99646
99815
90678
93619
98625
91395
92117
96784
93078
96534
90025
92778
91833
95399
91954
95651
93118
90995
96545
99750
98002
91510
98494
93047
98283
98804
94949
93111
95380
97362
96388
98045
93041
90343
98987
90867
90724
91892
92189
97312
96431
97829
94738
93850
97456
90021
94776
94829
94996
93254
94812
95066
93948
97301
90282
96985
92283
90985
91290
99431
95409
99541
90643
98674
99617
91319
97776
90787
95352
94986
97357
98588
95377
93779
93395
95632
95121
99054
94568
94361
92517
91440
94101
95464
92446
94197
98056
90716
96534
90078
99139
92156
92518
99910
99264
96298
98629
98425
93022
93283
97541
90430
95927
97347
91282
98321
95855
96808
93254
90164
93443
98875
95957
96059
97387
97037
93390
99394
93555
96509
95188
98696
92612
96277
95553
95278
99469
94678
93741
91645
99290
99082
94488
95712
98990
99288
96108
96301
90239
98523
91220
96063
99800
95559
90040
99032
95736
96394
99039
91342
93455
94197
98352
95282
93895
91754
99812
98833
97224
91545
93728
95113
99360
94735
96586
98727
95352
91894
93755
98943
93174
95020
90976
92799
93875
92611
95900
94798
99172
96911
96300
93670
95551
95248
94674
90838
94746
95396
99947
99682
94049
98297
95697
99472
96345
90135
90945
92939
98968
99760
93892
91834
92543
96773
91217
90549
95800
90183
95543
93917
90046
97496
91494
91596
97437
99337
96433
98154
90480
95249
95362
94891
96327
92203
90795
96725
98305
98522
97420
95050
98868
92413
98300
95398
92721
96122
94033
96908
96158
93830
98811
99173
98912
93849
97641
90844
97692
93422
97122
93535
96471
97481
98116
94032
97109
91092
92425
97588
95372
98992
97136
95162
91597
94630
99710
97878
92325
95407
94052
92679
99044
90456
92844
94178
92884
92218
94226
99064
99556
93310
91540
91032
97140
95765
93322
96216
90420
90555
96956
91346
99367
91512
93512
99448
96138
99268
93138
90815
94457
97606
90095
90167
97617
96765
94046
94476
96518
95662
99483
99742
97115
97733
98381
99167
97454
93165
92046
99637
98065
93642
96939
98201
95918
94424
95788
95314
91351
92580
99723
97022
99446
99466
99327
93968
92156
90201
92543
91144
95170
92810
95166
98620
93984
94922
95317
90165
96917
96521
96713
93617
98941
93057
96817
94134
99081
94458
95049
99067
95898
92040
93069
91066
90095
97139
93904
94262
90623
92403
99149
96901
90875
99120
93823
92612
94484
91675
96591
91682
96065
93330
98999
93140
90836
95858
91142
98250
98457
99241
92752
96080
90682
96664
98079
92246
99422
94317
90125
92602
91712
95148
94827
94705
90707
90641
98574
91217
97327
94932
93099
91029
95460
91139
90238
95900
94740
90653
95281
92637
98815
92306
91750
93459
93770
99833
92292
90073
90906
92868
90083
90203
90411
98798
92656
98861
97656
90269
95387
90439
91798
95846
94986
91908
97186
99420
94320
91836
91654
97297
98635
94718
92206
90603
99819
95209
97834
94616
99727
92243
91233
95968
95815
98741
96057
93250
92289
98623
93992
96510
97852
99199
96435
96357
96726
93633
98840
93961
93092
95176
91889
99089
90352
92103
92586
94509
95680
99897
90074
91592
97213
95123
95537
93739
95952
93633
92892
91381
96917
94298
97135
94737
94454
98256
90210
98262
94713
92866
90027
93752
94256
98980
96880
97471
97534
99946
92933
90336
97528
90825
94655
99171
93232
96723
95144
91381
94870
99838
93118
94995
92734
95847
98027
90954
98355
91617
96215
94790
97353
97838
91358
90362
91774
92176
93490
99223
95957
90794
94868
95342
94057
98688
97638
96416
99255
92181
97819
99808
94340
90141
92460
93273
90900
93993
91997
98052
99661
90457
97837
94671
97643
95083
95939
99833
98765
99105
90816
96162
93278
96945
90773
95241
97984
96744
94410
98367
93583
91734
90509
98782
97678
95948
98214
93718
91999
93820
92134
94569
90204
99536
97445
98710
98267
98664
93365
97057
92904
91560
99496
97338
94752
95297
98409
94211
92074
98482
99616
93864
97678
91202
94584
92549
96396
90576
99811
95602
93008
90882
95154
95953
90815
96111
97569
98861
99180
91904
96221
92667
94328
93330
93516
93732
91442
94707
98039
97406
97666
97782
99593
95866
95009
94966
93587
97974
99353
95043
91869
95914
96758
99800
99768
98316
91100
91354
94583
99795
97696
91609
99067
92418
96029
97235
94515
95455
90936
95838
92041
95966
95701
91588
97297
94277
92385
91444
93473
95173
94404
96360
99753
97808
93893
95369
97554
94700
91712
94270
94887
92976
91078
94804
99939
99073
96763
94673
98597
91440
90554
93519
97035
94524
90242
95069
99739
91263
93792
91070
95356
90652
92550
98321
97628
91550
97339
96164
96325
93833
99133
98110
93585
93233
91623
97955
94341
96787
96441
97660
95629
91646
93066
91593
98494
91218
94504
99286
97915
99081
96735
96777
90752
92937
94591
94798
99018
97964
99263
90636
95996
91390
92943
99288
95672
97829
94253
98702
91737
97992
94038
93367
91056
91749
94902
90274
97868
90199
99378
91361
99238
90397
91074
96968
99323
90713
90275
95524
99863
94380
90537
95725
96959
93753
95600
98797
99711
98037
96598
90084
94547
92784
97987
91167
90203
90345
96866
96001
92205
96643
94457
97139
92468
91108
90361
91002
99122
93456
99946
94392
94074
93080
92700
97955
90943
94268
94711
96126
94018
93210
91591
97271
99644
90803
99082
92169
95080
98643
97349
93788
96263
94260
91557
96356
95146
95666
95677
97165
99337
94569
98699
90243
91591
92251
92423
97044
94393
92011
97811
95676
95342
97356
92549
96789
92342
95624
95879
91266
93696
92663
98042
92079
97136
95304
90751
90304
93524
94901
91975
93157
95534
97017
93027
90155
98940
99422
98469
92004
94332
93041
99638
95672
90046
98205
90767
98252
92894
91636
92596
91672
91857
97936
92147
90105
91369
93079
98886
91999
94998
96340
96910
99062
97403
91461
99971
95237
92287
97423
91159
99744
96732
94162
91906
99587
97792
98788
95599
98588
95488
93429
99513
91963
97479
96698
95093
97731
94582
96956
90612
98846
93039
97033
92186
92834
99000
96892
98774
98920
92996
92821
94332
96176
97386
99186
95584
90048
97716
91504
97052
98769
99736
97680
95872
95621
97392
97588
97746
97815
93581
99875
91908
97803
94622
98871
97385
98270
91493
93768
95029
97744
95689
96877
99810
99817
95273
97687
95668
95263
97119
94693
90872
93037
94671
97537
95277
93070
96644
97848
92124
91060
90985
98362
96107
93051
90164
96413
96310
95490
98405
99647
97327
94655
98797
98987
94360
97893
98431
96267
98456
97925
92638
91712
96129
90636
95242
99502
93597
96222
90315
98014
99609
93366
92342
95033
92420
96156
95949
97206
95825
93918
93358
97323
96412
94790
97621
92631
99157
94942
92322
92310
91330
96641
93938
92504
95311
90038
91307
92819
99362
95516
97815
99123
91660
95685
95748
93607
96962
98738
99063
94606
97185
97758
90319
95460
96829
93775
99885
93820
91746
93920
90705
90247
95021
99835
99885
97668
96905
95674
99127
91355
96670
99458
99698
92400
93024
96374
93966
96414
96280
97635
94826
93103
99882
93972
96342
91726
91075
98507
93796
92046
90508
99798
99003
90310
98394
92176
97234
95039
90489
97158
95361
97988
90580
96664
96964
91461
97454
96050
99045
94406
93373
92571
96722
96139
97979
92762
96814
98428
96249
90455
98599
93726
91618
95673
90171
99798
95717
93484
91807
98752
94320
91022
93557
91490
95017
90398
92866
97011
95917
94939
99441
99666
96222
96319
98831
96436
98947
90544
93195
90651
93202
91441
97635
98148
98513
91370
93070
96832
96440
90152
92175
90819
95420
94937
93151
95913
93172
95618
97220
94037
97307
92737
99635
90419
98815
97372
90761
98815
95005
95428
93269
96885
98187
91941
93894
95923
93849
94539
93330
96617
97469
99062
95841
95199
92165
94449
90960
92472
90398
98512
93207
91509
91661
90954
92250
98540
94669
95101
95081
95518
96960
95201
93883
92165
97012
91866
98077
99930
93972
94268
96722
90200
97940
93996
97923
94372
99372
92201
95172
93932
99619
98540
96685
94575
95872
97778
92673
99566
92859
97432
97249
94030
90537
97797
96191
93707
91688
93863
99148
98762
95873
97179
95031
95734
96498
94559
92329
98410
95890
99666
91843
91490
99223
92980
97989
99261
91896
95419
96175
95201
96543
91001
98049
97403
95227
94284
93402
99038
99581
99098
97391
92674
96655
96037
94416
92232
91069
97589
95447
96552
94682
91376
93895
94163
93463
93961
96244
99664
97472
99970
97525
98333
93984
93827
98517
97078
95616
94338
91020
96633
95058
95550
99973
92032
95494
90848
96289
95830
91136
91077
92321
91270
95420
91643
92603
90670
95361
98010
96167
97653
99331
93755
93116
90538
92080
90476
97375
98206
95230
94219
99591
99053
93646
98804
98990
98258
98105
92469
90676
98546
92517
90579
95336
94848
99565
93799
91593
93819
92108
98092
97378
95066
98912
90185
95579
92092
92387
99727
90965
97471
92867
97257
99946
98573
98673
95338
92034
97277
93701
98705
92093
99543
94636
98139
95397
98452
97964
91915
93336
97389
92960
98147
96203
98405
90568
91113
90903
94481
99643
94737
95678
93412
91440
96825
90944
95323
90423
98319
95242
95468
94459
92918
97908
98883
90304
93695
95612
93701
90928
95033
98142
95518
99643
90138
99979
96033
92289
96683
98056
95409
92796
95710
92883
99245
99310
91817
99719
97919
97790
95887
98857
98106
97480
95125
99219
93788
97989
99005
97473
96739
90830
93897
95654
94584
99251
93585
93869
97877
98906
97690
91104
96309
98530
95059
96366
98188
94128
94630
94422
96599
92419
91954
95283
90315
99255
95608
94213
97407
96593
94057
99540
94809
97183
90176
98842
97595
99646
97611
90158
97617
97808
90426
93827
92355
97286
95075
92255
91278
99171
91641
99464
98860
95365
99489
99642
90508
92626
91012
94043
90064
92729
95985
98619
95327
94237
98198
90496
91068
97363
95481
90068
97390
97156
94040
96842
94968
91792
98092
91454
97698
92181
96185
93265
97588
96239
96312
92830
96343
96248
92950
91195
93027
90497
90490
93445
97448
91059
99176
92224
94417
98004
91642
98059
94982
96591
90387
97219
96825
98087
99153
94577
97598
96700
94034
98492
91697
94861
93385
97076
93161
96555
99110
90356
94766
93755
95748
90865
96144
94128
97935
95940
91840
99141
91267
98642
93531
90454
96386
90604
99376
99043
91176
99373
97415
95911
91374
94808
99260
95407
95600
93994
94943
92220
96853
91782
99708
90898
98836
94519
98776
92415
92143
97865
96697
95718
92292
95676
93718
93492
98867
95834
92844
90398
92621
90667
97698
98975
95287
94112
93148
93062
95074
95146
97749
91118
99320
97172
99502
92134
94637
96020
94162
94979
94039
95015
98400
97950
99962
94185
98470
99075
91933
92059
98743
99272
97653
92784
93430
99868
96726
98288
99162
93171
96939
95091
95669
99793
94034
98031
96778
99257
97267
98637
94154
91050
94660
94201
91798
91722
93867
94658
90153
99907
96805
98358
94882
95200
98812
94481
96849
98722
95996
99444
96668
92887
97629
96949
99270
95414
94006
96543
91403
97922
93981
93479
97707
92617
90573
93516
99060
91493
97486
99858
90272
91242
94182
95862
92878
93655
92178
96386
92770
95657
90730
92661
91733
95322
95677
90454
96543
90243
91335
98941
99246
92423
91598
98171
97452
99519
93098
96337
94058
95692
90229
94128
91666
96591
99089
92372
98166
92071
95033
90920
96410
97124
96370
91232
92758
96199
95004
92510
96351
98597
93314
91372
93434
92968
95408
98040
98771
97030
90043
97813
99255
94622
91972
95197
93207
95941
98238
99476
92506
98371
96034
94736
93707
94743
99144
94412
98614
93000
90707
90249
94374
96310
91033
98271
98114
95452
90597
99796
91365
95946
99927
93862
95090
90859
90107
98490
96997
96464
99873
92170
98995
91992
97871
93647
94144
96635
91546
97657
99277
96619
97353
96588
91560
92697
90480
93225
94711
93735
96156
97713
93328
95176
98712
92665
91859
92151
99076
93930
98065
95732
96130
90976
99576
97410
92441
90057
96070
91268
90313
95371
98962
95510
99770
98284
95069
95015
96150
92346
90687
94415
91300
92310
97722
96830
99028
98660
94104
96822
92415
95248
96564
97430
97885
96565
95049
90166
98508
92896
94526
93790
96903
96148
91757
92341
96337
96492
91720
95427
97143
90141
90806
94107
94386
91535
91645
93802
91908
99036
97495
91668
97293
91787
92468
99565
92114
96869
97577
95390
91873
90049
91560
94866
90475
90519
99760
93137
94777
99822
93942
90466
95771
97875
90887
99213
94324
94444
97805
99865
91008
92725
98216
92361
91557
92812
92771
95185
91742
96706
95702
98827
98036
93289
99059
92020
93368
91194
93712
98940
90442
99894
98218
92996
98660
94449
94068
98202
94498
97382
98593
92253
99342
91900
94848
96346
93268
94313
91181
95587
97995
99899
91849
90363
97367
95706
94062
93469
99078
95807
96133
99953
97114
99395
96033
96676
90354
99760
99565
96385
99177
92670
92653
96751
98508
95968
92757
98247
92746
98314
90322
96032
95260
93890
92338
90052
92766
91643
96587
94464
92737
92159
96955
92191
90286
92638
97321
92922
99417
90578
93931
93187
92436
99779
93960
95283
90417
98061
90977
97759
97107
94679
96427
93958
98433
96866
99895
96637
99836
99124
99953
96124
94092
95965
91659
96632
92959
98616
96414
90372
97039
98909
94815
91927
99571
99020
93382
96000
91521
94035
91594
90057
97311
95420
96537
99692
92772
97372
98659
98578
99542
94788
93603
96780
92982
91094
91907
90872
93933
96559
90487
96845
98139
92869
97225
92089
91009
97717
92765
95869
99542
93961
91630
98692
97694
91500
98197
99663
96256
96435
91695
97579
93382
91319
98423
95805
97318
92316
98679
93265
98594
93991
90505
93810
94967
90049
92284
94100
98735
98895
91493
95759
92700
96118
97432
90989
98016
92142
91657
92117
94434
92180
91000
94609
91053
97376
94567
99960
93563
90547
97909
99585
92209
97287
94675
93341
93208
93388
98493
96605
95198
92460
95570
98028
91443
93493
91553
95953
97997
96639
94565
95326
97778
96950
90017
98432
90611
90031
91779
92224
99705
90588
98615
92168
95715
94731
94386
97586
90587
99538
95487
96243
94731
98879
99186
96613
92673
92767
92137
94665
94365
98652
99165
98303
91540
96926
98641
96631
91146
99694
92215
93139
90744
91377
93538
91567
94010
92068
92663
90729
97971
99739
90299
99921
97468
95363
98792
99619
96477
95816
94804
93187
90387
93027
91998
94017
98104
94245
90731
99130
97940
97547
95764
94645
96661
98725
92276
90698
96747
90566
95110
93451
92973
93181
96117
99589
95759
94549
99672
94404
95355
93702
97038
97956
97921
95093
96092
95102
91837
91619
94119
94225
90139
95476
97873
96414
92905
90567
96916
91497
91618
97569
93358
99892
96054
92877
93544
99517
93086
95681
95015
95167
95945
93165
95067
93690
91946
92472
95669
92072
96447
99457
93120
97105
90914
98504
99865
94695
93365
94702
90175
94063
90155
99555
91013
97117
99131
94034
94360
96071
95477
98292
97486
93039
93258
95625
93250
93785
97614
99389
93333
94034
94833
95479
93541
90879
90132
99718
91767
93647
95852
99038
96026
98315
96011
97695
92105
97079
96675
94919
97777
99985
95427
98384
93303
98668
97402
98665
95962
93217
99781
93472
99773
91900
91441
96840
90193
90102
99518
97708
97628
99178
90077
94337
92841
98136
95758
95904
92030
91079
99318
90228
99205
91140
98308
97112
98801
97307
92810
90035
91978
93942
95056
95064
95957
94100
97114
94747
96898
96800
90321
96489
93341
95285
98130
99458
99021
98031
92176
91402
91004
96729
99954
96957
91507
95838
91291
91965
99513
96404
99971
94140
91359
92798
96337
99026
97833
94798
96450
91576
99000
98993
93486
97943
96968
92888
97456
99101
91131
92269
90041
97770
90005
97418
92348
92771
98760
96577
94756
90446
91736
95687
99658
91038
94834
91900
99854
99049
93523
94597
97653
90497
98374
91726
92310
96742
91562
91171
96338
94055
94537
96539
94422
90506
99222
94273
92230
96872
92516
94326
96214
96257
96607
99754
99657
97932
95690
91549
94709
94452
93020
93762
94885
97588
90938
90588
97618
97785
90487
91419
91870
93935
96540
92100
91466
95082
99004
90621
90910
93367
90560
93301
96717
97977
96673
93162
93991
93163
94149
95624
94919
99496
90388
97925
93123
96454
96661
97741
95422
96128
95240
93355
90439
92433
92009
92429
91693
97499
93304
98954
91370
97142
98172
98244
99779
90246
94965
98011
94656
92707
94262
99487
93955
95190
98458
96302
95511
95350
92072
90446
97091
99415
95779
93979
90705
95057
91518
92373
95786
97347
95629
90390
96877
92226
91884
94189
92790
97445
96569
94035
95844
99168
93284
90382
91782
93593
96025
92403
93212
96799
95271
92085
92015
92810
93335
98905
99075
99381
91980
99799
92880
93359
97486
96636
92081
92663
95741
98748
90932
99878
92697
91189
90672
93272
93568
90338
94406
94625
97543
97250
97765
99707
93440
95691
92771
96429
95747
96202
97684
97780
99780
99745
91357
91467
99328
94453
96621
95878
90062
96881
93594
92457
97264
94736
90414
97861
96944
91564
95906
95372
95329
95084
95933
93987
92849
99968
92790
95272
95272
92726
94875
92686
96414
91068
92132
95362
94005
92617
91227
98551
92699
98169
93291
95878
95955
92837
96224
94386
91603
94353
92982
91893
94251
91579
97065
97676
91371
97821
96523
91653
98916
92962
98174
94321
96618
95598
94450
99549
92709
91381
96323
94982
92795
96596
97076
90307
97800
96637
93372
91903
91488
97485
91995
93525
98935
94560
92938
96556
93485
97380
92106
90134
91253
90363
99772
90948
99009
99788
94172
94900
93419
94441
93134
97962
97046
92819
90460
91558
99246
92854
97965
98569
98173
91121
98504
99693
93453
97209
90123
96270
97793
95524
96529
94955
99745
91184
94501
91613
99214
98859
94568
96717
91853
93397
97287
92142
98460
98945
93826
99779
90729
98865
96178
95631
95247
92208
99312
99214
93529
93783
94829
96944
97024
93908
93295
99965
92568
90823
90314
91389
95510
93457
99606
95285
94911
94713
94912
99903
97617
95809
91343
90630
95746
90299
95987
93923
95206
92378
97004
92104
91227
97824
90261
90304
90549
97487
92596
91056
98935
92657
91263
99121
96953
98801
99749
98928
96625
99188
91251
99721
96428
92744
92387
98967
92427
91116
91390
92860
98830
98349
96989
93886
92157
92872
96471
99296
99385
95543
93970
91093
91912
99381
92976
97669
94020
96333
90237
99569
96606
93909
91758
97043
94396
99861
95453
95022
97609
96204
99140
91935
97071
94823
97040
92395
95168
95681
92716
90206
93709
95210
91472
97345
93749
96846
90640
96652
91737
97867
91887
90781
90988
96721
95703
97648
97373
92823
94572
93085
93407
96462
97976
94705
95439
99890
99337
97085
94544
91927
92306
97279
92866
97499
91338
91418
93693
90395
99473
97694
95317
92243
94378
98351
95882
93187
92276
93525
98825
90119
98228
92686
96284
96388
90343
95295
90885
92927
95007
90836
94705
94425
99960
99836
97880
95821
92153
91688
98318
93705
97710
92166
98293
94474
92043
93331
93315
96053
99191
91234
93587
92841
90772
92277
98629
94169
96630
97385
91185
94996
91163
94262
97401
93841
91663
91896
96462
97018
97516
98229
94344
90119
92073
91432
93157
97398
92163
97595
99684
97206
93786
92781
94123
96960
96341
95413
92824
94268
91892
95708
96827
91749
90449
92514
91410
91903
97010
94293
90521
94883
91204
90246
93959
96489
95758
99593
94490
95829
95754
91900
96699
92142
96632
98984
99289
98100
95270
99434
97817
92508
95083
90042
95394
98825
93078
94590
94739
97115
94072
99297
96174
96188
94841
96008
92641
99512
98908
98727
94599
93205
90861
96437
94835
96929
97634
95344
95590
98812
93013
96646
98198
93669
90779
91706
98450
99749
91374
95141
99313
92971
96739
97730
96255
99211
98063
95280
99482
94568
91592
96641
91650
90742
98347
93892
99271
97666
94633
90411
90942
98354
91555
98003
95766
91566
93414
92551
90925
96337
96814
98777
98182
98666
94578
98590
95325
94756
91182
94252
90009
97057
99287
97107
90305
99080
90188
95000
98348
92446
94512
96658
90929
94960
93328
99290
93607
91644
94001
96459
92997
91595
99566
96872
95211
92312
95188
91166
97181
99683
90357
92972
91507
96237
90851
92611
94858
92438
90256
96603
94508
95825
96796
93845
97563
90623
97631
99802
92661
96060
99365
93332
94479
95114
90533
96875
97281
96645
99050
99658
94867
92934
95254
95278
90840
91566
99009
99598
94864
95259
97619
92208
97743
95778
99762
94893
90549
98364
99541
93527
90795
91277
93871
95589
91706
90980
95893
94113
98985
97246
96883
90297
93185
94054
99216
91229
94774
91532
93323
96211
93279
91367
92326
95038
91545
93165
99034
94248
91036
92008
91334
92829
94381
98148
93652
97162
96915
98166
94141
96097
99824
93245
99497
90965
93701
94220
91929
92039
92800
94998
95677
92539
97094
95612
93701
93595
91352
93693
98694
98756
97885
98466
96395
94628
92360
94504
93336
94984
90132
93436
95626
99334
93908
90542
90143
93312
92258
99765
94585
97503
92456
95037
98252
93362
90468
98022
91133
99715
95493
92381
94882
91027
96423
92500
95641
99080
92821
90243
95277
92990
93558
96745
94600
98626
92149
97514
99375
97375
98983
98203
97551
95936
97148
95270
94007
93392
90364
90455
97366
99122
98638
90519
91898
95307
99707
94007
96430
90762
92068
94919
91282
98606
98452
99140
93749
98885
96961
93231
92395
98701
90801
96758
90533
96598
96473
98704
99655
95019
94683
95746
94292
94487
97744
95135
90811
95845
92279
97792
93984
92354
96197
97827
96841
91747
94515
93160
91242
99430
99457
98170
98909
97960
96439
93382
95244
94630
99043
99069
91143
98555
92899
99361
91242
90984
90503
90955
90554
97764
96432
95840
95298
90816
95165
90592
97854
96309
91779
95734
90268
90804
99145
97422
95483
93071
93942
90289
90569
98485
97802
94658
91632
94977
99195
93546
95774
94347
96289
94867
91538
90432
90963
92096
95562
96074
99363
92259
99859
94162
94986
93587
91078
94072
96125
96412
90394
93815
90678
99973
90231
99857
97857
94663
91970
91174
98096
93976
96967
91427
99605
92884
91747
93325
92439
99737
97074
92200
98689
96877
99762
91646
90478
91133
95528
92633
95789
99108
90986
98958
95850
93739
92955
96115
96791
98015
93678
97687
92605
98908
91212
93247
96030
99608
95343
94402
98951
90951
90655
91093
94120
93590
90067
98568
95578
90882
94116
96524
96017
98733
93518
95869
95504
92724
95140
95235
97492
94718
94423
98957
94837
90829
90501
90560
90667
90188
93776
90972
96379
99207
99568
98663
91784
99226
95599
99688
90476
96338
95526
99228
96871
90982
95526
92638
90042
91427
96016
93230
93472
99690
95999
96067
99154
90607
93220
91904
99090
94790
99377
93062
97148
94037
95933
93509
99532
93378
92740
98721
92615
97396
98668
96980
92798
99730
90668
92698
94228
93729
95320
94082
96688
99104
94803
91986
97800
94143
97437
94163
90790
95555
91472
99289
91489
98306
99641
98105
96011
96002
91150
94829
93573
98249
97219
90573
97323
95251
96083
91941
99701
91424
93453
92175
97870
99216
94819
99315
99035
91520
96700
95619
95125
96062
94976
95226
91200
97990
99772
92478
92236
97496
98002
91611
98452
97782
96664
99667
90247
94922
92243
98338
99982
95238
94154
97226
99337
97713
93090
90528
97772
98652
98318
91508
99766
93296
91505
94273
95904
94451
98512
90390
95662
91292
94705
98604
97757
92478
93839
99593
97345
96445
95306
94061
97986
98361
99657
91715
90322
97548
97700
90721
98707
91438
94160
92082
91642
92102
92974
91027
91810
99210
97566
98024
96756
98946
96138
95271
91788
91813
98968
90660
92565
93556
91969
90098
96029
92469
98368
90818
94795
93272
98251
92851
91961
92409
93942
93161
90391
92157
97701
97146
92971
91228
97075
95158
98071
97719
92373
97500
97517
96161
90207
99964
92722
94234
96825
93373
98343
96249
95021
94839
91784
99882
98845
95482
91207
99881
91021
99192
94305
97426
99015
99727
95045
96677
97036
98854
95815
90673
92908
96594
97978
97191
90685
95691
94695
91423
92212
96369
96078
96424
93349
94143
98196
94149
93558
93030
94310
99602
90683
98804
98777
98130
96352
92167
91556
91213
91211
99637
93927
99253
93392
90768
94151
90770
98044
93928
95130
96236
90567
99241
94820
91283
91250
96584
94144
98465
94420
98508
96460
98907
90935
92866
97251
95204
98866
97536
92652
94760
93549
90172
90646
98377
94857
99142
99345
92362
96479
97964
92629
93672
99285
94441
94595
96698
98452
97437
90764
97173
91895
98768
95807
93364
95797
95042
94666
97265
91527
94445
96366
98776
97098
96455
97586
94025
95445
98236
96084
94928
91282
90103
92454
90830
98065
93833
92380
94660
96678
91834
90538
95409
97859
92244
91596
95927
91092
94849
93403
90072
93729
95417
92372
96035
95423
91487
91307
93325
94633
90962
95492
99327
95880
95967
93720
97619
98768
98314
97116
94294
92315
99693
90122
90440
91077
99201
94801
98586
92738
93216
91737
98487
90388
97754
98251
92898
96524
91457
97386
97141
99968
98121
99178
97217
91378
91300
99096
99972
97770
99933
97211
95392
91577
93147
95659
95501
95182
94474
91260
96516
97537
90533
94780
90943
95553
96905
98247
94092
99247
94427
96992
95162
96291
92394
93618
96454
98601
91283
96999
95561
90814
96509
90559
94433
98172
96479
90610
96132
99155
92716
97311
94731
96468
97217
97928
96402
98502
92340
94526
99983
92203
91510
95955
93490
97468
94841
97044
98994
92630
92331
96292
92005
90366
98753
97040
93114
93470
98553
96071
99017
90302
96138
97925
97228
90479
96763
92810
93821
92350
95913
90938
96351
95185
90554
96343
94727
90615
93888
98825
91293
99848
96406
93483
97589
95467
99882
93538
99369
99165
97747
93596
93323
99735
94759
97341
98644
98773
91300
95738
94114
95150
92738
99275
96668
93083
92322
90529
90562
92830
96829
91355
97204
97481
97821
92421
94471
94084
97745
91444
90900
92445
99379
90520
94535
90345
99144
92203
98403
99606
99653
98646
94614
93501
94552
98034
96872
92298
99174
97766
96861
90421
93814
94436
93384
95635
92549
96491
94401
97969
99436
96673
91200
93656
95648
97784
90796
97287
95652
97191
97367
93572
97892
92547
96036
98644
95586
93672
92640
99661
96251
93260
91255
90633
94346
92160
97188
91840
90027
93318
96926
90008
98417
92166
98076
96467
98054
90251
91746
90954
94179
93159
96987
99398
92397
93473
91943
95074
90935
94368
99169
93848
95151
99738
93225
95878
96275
92301
97075
98092
97462
91955
90111
94077
94134
92906
94680
90539
92342
99533
99856
92459
98401
97769
90952
92232
95407
90927
90703
91636
97429
96284
93445
99296
90118
91529
96693
90461
97291
98193
95502
90391
96641
92588
93748
97394
94139
93424
93028
96689
95924
99313
94269
91609
98522
98625
99339
94436
93083
98825
99959
95134
96998
92324
99024
92617
96718
91124
95107
99814
98919
93118
94330
90782
93237
98729
95068
95374
98710
97810
90033
94555
97815
93165
97138
97388
96512
98907
95268
98877
96060
98951
93584
96432
92543
93393
93302
91519
93022
98261
99034
92218
93014
97189
92722
91902
98613
91917
96955
98980
97964
92224
96021
92765
91063
94878
92461
90932
93857
95508
94045
94717
92506
96895
91152
99058
96306
92156
97295
96215
93290
91487
96239
93034
90753
96738
97545
94013
94129
98910
98661
94580
91483
99903
95766
91602
97684
91279
97422
91013
91801
99668
94820
95705
93676
90510
99894
90306
90738
99301
97913
93347
94149
92237
94284
91435
94131
96195
96266
94546
97953
91387
99014
96298
90431
98673
92006
98166
96088
97553
96229
92009
94088
90108
94732
90967
91975
90849
99166
94843
91869
92295
92733
92395
93277
91402
95607
99628
99954
92481
92357
90145
94362
98142
92136
90867
92171
90960
91478
94047
91017
95065
96448
94389
92210
98665
95560
98298
91507
95622
97409
90809
95176
96648
97279
94597
90585
98404
95112
94588
96334
91883
93195
91205
95551
99784
95653
94986
97386
96295
93436
95486
95970
91686
97846
97692
93146
98426
92876
99953
91135
95137
91611
98423
93953
99666
94792
94363
91897
92767
90261
92285
91682
99448
90460
98912
95943
95933
91409
95170
99699
96328
90678
96043
98141
94613
93725
95999
99614
94366
97695
90935
90039
90748
99275
91085
90181
96720
98511
93195
95132
98189
93658
94410
96204
90861
93036
94787
98989
94915
98677
90104
97790
92336
93074
91761
95846
95689
94760
95919
92805
96479
90622
99793
95770
95806
92874
98980
97894
99997
96444
96095
98987
99117
98136
97607
95893
96834
92414
92725
96478
95966
99875
95499
90015
95233
93591
98835
98457
99228
95343
97064
97638
95414
98506
91905
94809
99101
96822
95181
99051
99765
98644
90492
94116
99813
94349
95199
99024
99987
90589
93538
90346
93919
98777
91443
91530
98082
96813
93776
98832
92339
92410
95025
90495
90610
93588
95273
95622
90814
96931
94254
91907
98132
96986
97646
96816
95935
90855
91419
95149
94238
90461
91992
96980
96412
91225
92254
93903
91100
99976
96078
98250
97743
96789
96857
99470
90933
95155
98816
94217
90961
92378
93360
91875
95303
97444
96574
95203
98602
96709
98135
96591
96682
98738
96353
94023
93577
98344
98837
97237
99172
96482
93383
93837
99100
97033
99052
97111
97806
93686
93157
92200
90341
90165
95859
94904
98345
94860
90460
97899
90968
96547
94083
92436
91980
91335
90425
99683
90243
92253
93534
94790
91859
91935
99147
98504
98829
95758
98019
95668
90847
97503
93915
97335
93985
92081
97415
93340
92441
90228
95576
95209
97297
98174
96591
95030
99241
91271
98091
94542
90629
94281
97480
90094
95907
92660
92808
93373
98431
98483
93064
94831
96004
91926
97497
96595
97101
94170
94595
94301
94654
90460
92691
92806
94533
92657
95811
98971
91409
99074
90356
95857
95543
95675
90453
96569
90259
96729
92449
92712
91310
94965
91866
91980
96187
90917
99391
91723
93522
98688
95980
90545
90183
90671
90994
97913
96373
96904
91446
92604
97146
95682
94885
94370
92082
90817
93232
99649
93564
97489
99967
91368
98098
93039
98458
94924
94405
91235
94952
97289
96655
98570
95759
93835
91127
98947
94506
97980
99837
98760
91977
92016
95218
97838
98047
93615
95823
92936
92448
91398
94185
99586
98737
94692
94475
94955
93703
97150
99404
99084
92696
91242
92926
94392
99843
90815
97743
93622
90997
91871
94344
94592
96395
97528
91379
95993
99455
91724
95527
92318
97938
97630
92710
97489
93778
90980
91490
96218
98277
95563
93792
99266
90093
97972
97727
93831
94458
91374
92204
93058
93403
93543
93283
99374
98427
92692
97756
94711
99006
95733
90330
97024
92598
97526
96963
96518
94421
96396
98388
96921
98140
90733
94685
96828
91853
93863
93864
93632
97258
99515
94860
97915
93740
98228
98082
99281
93265
95782
94734
95562
96423
98387
99447
96099
94737
95755
99512
96366
99473
92409
97927
95590
92523
99639
96834
91214
90722
95350
92508
94068
90921
96728
92999
95926
99522
91114
94786
96771
96796
93790
95340
92526
93295
97453
94363
95285
92931
97094
97679
97128
94883
95724
94204
95514
94400
90911
98264
92916
90769
99481
96635
95906
99258
97856
92106
99179
92677
98528
93125
98176
97327
98921
92129
99894
97621
97519
93533
95237
93374
93546
96051
97826
93910
90709
92975
93589
93470
92575
98406
92624
93179
96963
96979
99866
95814
99465
99622
93884
90960
91618
98087
93789
99818
97585
96567
92667
90846
94306
99582
92232
99737
93957
91488
97430
99787
94335
94480
91652
91634
92298
98733
92875
94547
97729
90476
98586
94969
90715
91203
92656
91873
92531
93991
90452
92606
91892
90920
99457
97408
91471
98996
91385
95515
96139
90634
98390
90887
93600
98760
90323
90974
90132
95895
92205
97661
98990
91214
91085
95549
96723
99484
99283
99078
93100
91060
96646
96637
93647
92631
97887
96772
99916
94324
92360
98884
91487
99927
92655
98391
95465
93486
95339
94233
93758
97355
91801
94801
95791
93878
99725
96919
94442
95334
96009
91315
96021
94492
90074
97194
90842
91212
92493
97979
99595
98875
97583
90056
92100
98108
90204
96453
99282
94277
96393
97789
96230
99520
94646
93526
94069
99700
99676
97598
91021
91617
93302
93818
98538
96031
97753
98124
96653
97627
95122
96681
93818
93914
92957
91128
90396
91230
90066
94863
91730
97522
98472
97139
96219
98378
97175
94966
96210
94901
90875
96353
94677
99453
92135
92228
98621
98043
98601
98567
90932
96174
97831
94682
96060
98358
91071
98439
91236
90170
93851
94220
94245
95705
95697
94875
90755
92635
93423
94614
99104
91644
92493
95808
98069
96978
98760
99014
93653
90085
98524
92184
94202
98872
98295
91983
99266
90977
96918
97424
96540
90636
91771
93590
92949
95224
97657
91161
90478
99347
91674
95613
94705
91480
99895
98545
94159
90601
91982
92385
91606
97978
98006
98889
94151
92346
97699
91323
97660
95086
96102
99963
92407
95680
91167
90679
91084
96718
98250
96715
97373
92052
93616
94553
93082
91290
94106
95709
94588
98768
92933
97706
94726
95382
92192
99073
94626
97212
91141
95213
91050
95750
95555
94242
98734
90705
97534
94493
93947
97883
97019
98285
95021
91413
95983
99757
97981
91742
93769
98111
90540
98218
97354
91418
95713
97862
93483
90335
97126
99959
90534
95486
91632
99471
96751
97097
91337
90976
98048
90508
96312
98799
92992
96626
91340
98345
94717
92076
94881
98228
99612
99830
96114
92743
90361
97450
96405
99468
96618
96708
94800
97337
90007
95332
93304
96396
91413
98877
96567
91629
97590
98336
92374
99751
91016
96984
93832
99653
91608
98175
91545
94318
91411
94319
94195
94451
93729
96135
98957
91800
96263
90393
98937
93241
93801
93843
93464
95006
99733
90791
98432
90183
97269
91888
98170
91551
90601
92070
97322
96166
93450
96330
91085
97707
97450
93008
94818
97523
95662
95630
99522
95587
97104
95981
97962
98094
96674
93048
97323
99318
91079
94764
98213
91547
95453
92043
96516
98360
97252
97538
94207
93374
93688
94714
97512
98657
96486
96406
96041
94474
93071
95828
94438
94755
96426
97185
98928
90733
96799
97463
94709
98579
97212
95790
96585
95529
91290
91813
94439
93011
96310
99967
97198
94559
96573
92192
93797
90949
92210
97705
97312
94910
96348
94776
98903
92998
99209
96070
91515
92795
91165
96124
99373
99466
97997
96786
98240
96852
90734
94008
93106
94831
99288
97338
94564
96432
93809
91607
92425
95332
90215
98886
95342
96794
96641
97590
98161
92854
95711
94775
94519
95601
93477
97132
90798
90782
99615
95945
98996
97654
95073
91404
90257
99962
92711
92011
97878
97269
93701
95578
98451
95462
97450
99318
92467
90198
95631
97871
91182
97278
91558
99751
94849
99537
94557
94692
98503
90655
95279
96591
95428
92509
91950
99408
95137
94186
99454
96205
92259
97541
92813
94783
95061
96360
94191
96866
97525
93568
97808
91622
96843
93709
90331
98482
99019
95947
95244
98656
98851
96230
98443
99529
96978
95926
98893
91222
95927
98244
92576
99976
99116
93056
90111
98758
91624
95350
98502
91491
99220
92483
95243
93663
92611
90646
98655
98716
97147
91509
91796
96564
94357
95874
98518
97903
90579
92366
99338
95514
99676
95662
91664
91697
91395
90587
93616
99181
94249
95512
93194
91355
91994
90912
94866
96550
95725
96720
93785
90193
99441
95125
93786
98182
95493
93867
99084
94546
97773
98749
91152
96578
94732
93068
91665
91035
91319
96011
99557
95667
98847
91627
95293
91427
94393
94979
98242
91984
96876
92266
93697
98876
95202
97304
94508
92548
94992
97602
98601
91834
94330
99464
97665
97006
95674
93022
94227
94428
90637
94940
94016
94060
96679
98624
97998
94581
99939
99216
93844
94735
96390
93394
99671
93676
94311
92047
93873
97507
94661
97282
93626
94042
92365
93881
91188
92848
90745
99330
91538
93067
93363
95860
97083
97220
92420
92528
95149
95204
90498
95330
91830
99054
92908
98565
91384
95682
91227
91235
93812
91757
94682
98117
94522
92196
94963
96354
99043
91284
91781
94871
92660
93373
91023
95765
99506
98317
94714
93910
98186
95298
92151
93456
91317
97589
94569
97657
94495
99891
91480
91505
96175
99388
95422
95021
93672
91425
93291
98741
92089
90784
96645
91919
92371
99975
90401
98287
91838
96620
99227
93827
95615
93084
93558
95921
90158
92801
92693
93543
90734
99433
90667
93646
93132
96923
91737
99810
96192
90816
96222
95405
95744
93781
94156
94963
92500
91188
93779
94338
96090
95792
94206
92276
94965
94104
96833
93503
97219
90882
97959
96162
90489
92305
95942
94474
90074
92860
99781
90899
93145
95768
92452
90727
93510
91828
91526
96033
95765
96994
91683
95239
99881
94675
98539
99139
97260
94826
90911
94192
97149
98169
99089
99089
97895
90592
90013
91224
91010
99710
96312
95498
97253
92844
95121
99118
93004
93275
94283
92519
92115
99516
98127
98356
93090
90587
92306
97631
93975
98749
97414
94444
97660
90059
94030
98608
98420
92202
97638
98430
96474
98543
90498
94312
91109
97128
98929
97525
94477
93424
98712
97493
97561
96004
98359
95239
97002
95108
99838
90245
96498
95002
99028
92948
99301
92430
93635
95286
98956
95092
94615
97312
93918
96024
98224
98735
97892
92072
99760
90441
91845
97202
96780
92535
95520
94305
99102
92249
95962
92375
95275
97201
98101
99451
90361
96883
97733
95551
97844
98045
90404
93996
99279
97660
90618
93958
98897
90550
94577
91857
96795
97420
96208
94327
93570
93051
90650
90846
91301
93702
91527
99870
90622
97394
98393
98302
91324
90677
98504
90501
94366
90733
92762
99656
96493
92221
99071
91329
94756
94125
97650
96240
97136
93078
91881
96969
97213
96097
95187
91115
95363
97495
99111
91713
96302
91840
90290
94205
92991
97265
94327
98086
99861
91196
92715
90546
94148
93579
94897
98839
92677
91111
91323
97913
92923
99612
94918
99922
91319
90704
97787
92632
98907
93247
97139
94453
94219
99622
99474
94855
95971
91854
94852
90252
93623
92851
93722
97106
92149
93544
97240
95956
98480
97638
98240
92353
90954
91804
94136
93265
99908
90695
94859
90435
97003
92930
98697
95357
93310
96341
96359
94100
91282
98179
98944
94004
93757
98758
98604
98465
93919
95035
91664
90446
93732
94012
92698
90175
94805
94530
94639
97532
94844
90010
94405
95054
94919
94007
95681
93202
97602
95061
90550
95537
93710
97263
99456
97821
95866
98196
94629
91674
90382
96466
95561
90420
95061
96915
96353
91990
99445
92774
93849
91375
95764
90529
92359
92993
93365
95062
95451
91568
96772
99754
97810
98626
97689
98677
90506
90570
94231
95726
91105
93433
96468
98629
96045
98873
95955
94100
96438
95752
98360
94136
90025
91731
92512
92395
91424
99705
96236
93941
99976
94628
99199
91253
99519
97284
95662
94301
97253
92925
95491
92775
99464
94319
90099
94079
90355
90727
91074
91588
96474
96619
93170
93841
93293
96490
90067
96831
92409
95072
90854
98383
97489
95435
97524
95694
94641
90993
98955
94583
98171
91283
94824
91697
95851
95513
93686
99021
98754
92368
93054
93368
99481
99300
95748
92249
99170
99658
95980
91470
98067
91384
90720
99152
96635
96719
96705
95464
94183
98403
91143
97297
99825
94175
94633
92356
96214
98034
98125
97692
99932
93691
91815
93590
93695
92911
92839
94864
94587
99024
90299
98170
99436
93817
90748
95680
93123
94175
94575
92652
98160
93436
93922
98807
94146
91189
95725
91187
93887
94460
99289
99248
98903
92639
96367
91265
90776
98329
93181
94847
96419
96328
98008
93341
94670
93411
95017
94193
98874
92255
94897
94993
95058
93888
95475
97821
98206
94383
90990
92779
99684
93162
97022
97147
97408
92244
99115
97463
96526
98046
97123
98022
92505
99923
93953
90766
90387
92550
97010
98351
93672
92457
92923
94314
93797
92534
91345
91656
96494
92199
91588
93940
94480
95032
96633
91033
96815
90170
92670
95008
94097
98521
98740
90388
95178
99944
90275
96922
95496
92940
92362
92382
99319
94118
93446
97486
98190
90731
97800
94996
95694
95882
95627
90273
94306
92709
92894
91126
93518
90750
99150
90678
99709
95034
90462
98127
97289
95976
96344
98805
97543
96086
94103
96715
96278
97706
91362
99867
93913
94520
97705
91150
91955
98395
99344
95246
97932
92309
96527
95100
96839
99532
91992
99898
90856
99040
90182
90116
90731
97214
91187
94249
91545
96271
90398
96117
92827
90608
94726
91250
97963
93232
98891
95814
90670
95834
90790
91765
96957
97654
93205
97472
99427
90315
90255
93943
97028
98021
90884
92935
97466
95133
98424
94751
91329
96039
94800
90326
96713
95422
90302
94313
90621
90592
95021
93330
98751
91345
96009
96246
98396
96999
95043
91484
90159
94696
95428
99629
92914
97843
92755
98377
93049
98656
93694
90790
93371
94164
98984
97185
99295
90750
91631
95564
99916
98317
98964
95445
99403
91541
97722
95191
99767
92263
94590
93491
99541
94104
90736
91516
94124
97605
97811
93459
92656
91814
94592
99654
93130
96140
98000
98281
92199
94486
99575
98786
98589
92227
98660
92572
99402
95415
96505
94253
96683
90754
91329
99844
97608
94347
92949
96601
95395
96995
97011
92931
99604
93917
93098
95758
93890
97149
98009
97075
96468
99610
95385
90991
93553
90844
95492
97551
98868
95761
94473
99815
92933
99401
90665
96273
94323
92648
96684
91518
91308
96145
99878
94285
96385
92219
90508
93470
98097
97547
96535
99539
94213
92478
96250
90859
97859
96495
95154
91903
93540
93084
91462
93057
93078
91481
95424
99777
92481
97192
91217
92234
99497
97981
96617
95265
98181
97083
94867
92427
91196
90838
95203
97292
92760
93611
93357
99692
95155
98920
91018
94598
99553
92021
93711
96533
97531
95846
99843
93001
93105
99162
99785
96246
96368
93079
92738
93877
98899
99647
90903
95366
97968
94157
94988
93232
91305
90988
92447
94858
96655
91369
90009
93307
90716
90253
95040
93241
90153
98655
96068
91130
93348
97280
91397
97280
95306
97017
96170
90902
99689
91991
92452
98439
91370
91242
93954
99670
90060
95837
96870
95739
90594
99212
90966
98169
98279
99924
90538
98194
98331
97599
93145
91264
96896
94852
95135
92484
97390
90231
96882
94898
99976
99802
97396
94038
93873
97920
97502
98971
91907
90926
93145
92177
94199
91038
95519
98044
93218
91558
92737
92494
95576
98632
98516
94311
96864
99305
96968
92133
94608
90365
99005
99719
90978
97541
95091
96120
91296
90079
91114
96681
96547
91352
99015
95423
98146
92261
91453
99278
91005
90470
90300
99905
96605
95197
92012
99368
91201
94232
99051
91818
95565
97127
95447
94516
91738
96110
96301
98022
99150
94152
95595
97167
97150
97837
94001
91585
93524
91221
98579
96959
98883
95686
99200
95923
94929
99960
92348
90604
90584
93928
91537
97147
93700
99642
95014
96255
97647
93013
95629
92792
91471
90089
94818
91751
99504
92512
92463
97573
91301
97790
97103
98678
95645
91358
96401
99349
92943
99029
96118
96651
98827
90435
96882
90944
97999
96305
92029
94720
91466
95029
96446
96004
92160
96843
95969
99341
93669
97213
99156
99547
94282
94476
98495
90792
93905
90682
96041
96363
94514
98693
99285
92480
95774
93081
96652
92942
96206
97136
98451
90027
96857
93372
98327
91085
98819
90344
92291
99571
98125
94273
97282
93864
91577
90024
98859
97179
94878
92310
98114
97094
90066
94643
91182
93794
92703
90524
90827
91985
90535
98631
98496
92631
94406
91362
96979
97136
99093
93977
98327
98433
96422
99807
99052
90527
95559
95519
94800
90499
95652
99268
99649
94694
94171
93704
91000
93908
90224
95287
99612
90722
95885
91117
95752
95838
90148
94587
96675
99251
99502
91564
97664
96410
96334
99509
98741
99131
91333
92994
91796
95955
98964
90373
98394
96908
95635
98063
96784
93135
98684
90807
97740
92805
90554
98607
92801
90815
96590
93572
95183
91346
96786
92838
93181
99117
91502
96941
98243
97308
98691
96529
95064
97554
95477
94149
98998
90149
90087
91995
96928
90670
91061
90967
91281
92585
99448
91150
93340
94095
96244
98942
91203
91474
91735
91426
99786
90427
95593
94323
95130
91680
96581
95857
92932
96862
98553
95240
91692
96069
95066
91098
94170
98978
98370
92147
96948
97312
99797
99687
96796
97595
97643
99090
94292
99652
95533
95325
99668
98115
98945
95824
93207
91300
90069
92465
92706
94269
91530
93329
93468
90631
97610
94012
92084
90674
97561
97755
93903
91833
99367
93405
95446
91117
93872
90343
97299
98182
98595
99880
90034
91984
97719
93355
95568
93604
99799
98202
99042
92746
97498
94554
91764
95680
94342
96658
94073
97911
91918
95277
98063
95783
97172
99589
94039
97365
93595
99630
91298
94474
91900
93264
93360
94508
95548
94860
90158
92854
93959
96378
94811
94105
91572
95424
90647
93020
94062
98956
94869
94264
93961
95810
98909
93290
96689
95974
91913
99450
94573
99642
93015
96366
90836
94458
90130
93959
97691
95103
97820
91091
92742
95369
94471
97759
95669
99231
99489
90981
92827
94064
94519
99113
90848
96110
98791
95167
91568
95604
97613
90901
99698
96503
94765
99947
91532
93723
94081
90047
97677
98963
92861
91576
95310
94722
99936
91981
95784
94973
94154
93492
91549
90096
94888
94532
92273
93129
94735
93612
93848
94180
96013
98177
95512
99936
96881
99882
99701
95588
99948
92055
96465
97226
96103
94742
99255
93756
98944
97667
91765
98763
90676
91658
96075
94361
98644
94670
90865
91055
92749
99402
94667
99915
97934
95673
93235
95926
92645
92231
91973
94320
93711
99469
94083
94870
90443
96637
92566
92667
95926
94591
99586
97750
91443
97826
99778
90081
90759
97636
95094
90858
94630
91596
97479
95890
92261
93234
92291
91889
95721
99774
99736
91908
95332
95117
93788
91863
98905
99877
98088
96134
95379
90169
96126
96534
93878
92161
98646
95631
92502
99885
94665
92325
97273
99726
93760
94903
90565
96161
96332
94338
90087
99828
95472
98539
94007
90805
98711
96451
95203
97086
90484
99415
97729
90714
96442
96079
91620
91718
98865
96255
97929
93104
98422
98607
94473
98498
91228
96828
94223
97721
91765
99044
92463
94578
91598
95577
95905
95445
91009
90946
96793
96852
95704
96959
97704
95203
93545
95134
98207
92013
96915
98305
92882
93594
94749
93253
91235
94990
94552
98464
94031
94161
98775
93709
97248
93891
91799
91041
94412
95698
93516
90023
90431
92164
92940
93505
95202
91527
90677
94145
93256
91097
92150
95964
96481
94156
94466
99759
90580
98344
98567
95890
92331
92213
94852
93128
93949
90642
94872
97586
92881
99101
93891
91506
90229
91370
99095
97687
98662
95262
96083
91671
91145
96124
91889
90477
95119
98475
96235
93602
92851
91970
93984
99319
97625
99105
90816
96856
97112
98536
91058
92977
99867
99709
91273
99663
98213
91616
95744
98134
90930
90918
90290
93304
92196
92431
99006
91876
98953
98007
94457
96787
97522
98239
95605
90451
91697
95074
99343
99373
98753
92432
90882
93073
96881
96226
95426
90993
97378
94796
98595
92080
97630
95706
95878
93081
96355
95102
92015
93213
90903
91362
99674
94881
97499
95681
93036
92327
99229
98369
95990
92753
93295
91159
96494
97301
98624
92637
98392
92520
97247
96000
99454
96462
98034
95796
99762
97401
99375
93045
97659
97287
98144
96188
91466
96561
95934
98684
93900
91681
99923
92769
92720
91825
94990
92847
95503
96636
95742
91350
98642
92583
91926
94463
90688
91527
98429
95076
97960
91442
91495
95565
95997
95869
96099
93557
93856
95652
95526
99689
99547
93798
93118
97585
93928
91844
97862
92742
97316
94080
90060
98825
97727
94126
90659
97007
92186
96931
97987
96410
92874
98077
98627
91433
97992
91435
94933
94851
93210
95667
90330
93887
93272
99860
94913
90177
94965
98655
98129
93533
91974
97641
92332
93709
99423
90493
90887
93993
90825
90349
97135
95401
93062
99289
96031
90459
95602
91396
98551
91144
98631
96850
90063
96420
91024
96806
97780
90957
93165
91357
99139
98172
91496
95811
92485
97475
91391
93713
93807
97766
92430
98572
98423
96652
95516
90087
94502
97566
94363
94818
96087
95089
94869
95714
96911
92073
94619
99683
92689
90904
91371
97474
98804
95195
93711
95542
92361
97551
99316
95295
92422
93604
96236
91116
99894
92519
90434
94922
99048
99362
98481
91659
95901
95301
97713
97087
94837
97478
97455
96500
93724
91570
93958
90615
99525
96549
98595
92728
90961
92960
93568
99518
92102
93161
91857
96321
90952
94377
98501
96606
90074
93210
98416
94496
92073
93242
91897
98648
91384
95802
92723
95581
95201
97593
95359
90644
90630
97907
97117
95184
92193
92453
98346
99224
93643
90421
98740
99958
90733
96380
90656
97722
97062
98803
90974
92749
93397
92608
91497
97971
91985
93953
94121
95419
91291
91704
91094
96347
93302
91499
92566
98120
95110
95140
93327
94104
98816
90140
98136
96330
98972
91715
90376
94546
94756
92234
91891
99414
94875
91212
92834
92066
96769
92274
99066
97028
98138
92239
91288
90593
98013
91427
94398
92125
96660
93632
97825
91495
98433
98796
97559
91878
99373
91367
98446
93461
91837
92572
90926
90291
91710
95369
99872
99417
99866
96739
94409
98800
98474
93147
96705
98005
94453
91490
94569
93640
96927
99669
97431
99666
92895
98032
97748
91281
95480
95377
90236
99870
92113
90928
99443
95709
95802
96778
92120
94528
91214
93650
94645
93854
98744
96501
97266
95124
93964
95508
96374
97941
96876
92258
93170
93613
95256
90611
92131
96063
99042
96603
95478
99617
98193
92033
90501
94760
94742
91913
95031
94958
90869
96838
92627
99895
98721
97507
93080
93073
94469
90141
95785
94617
98595
98310
93150
93347
96773
98856
98790
95696
90886
96977
90537
92899
97673
98308
91445
92022
93305
93903
92906
90867
95807
97357
92779
91561
93628
92015
97966
92728
97909
90212
95291
95545
98043
95767
96712
94686
94968
95600
94922
91200
94286
96267
93192
90684
91817
96437
98989
96793
97442
96918
94287
97057
99234
95681
96810
95282
98755
96525
95478
92379
90166
96533
90230
95371
90293
99247
91079
92548
94181
97634
93799
91252
90828
93335
99907
93628
96739
96436
96809
94814
90782
93053
99866
97507
92389
96404
91925
96630
96579
90703
97434
97900
93504
96222
97633
94492
97272
98172
90509
96739
98631
91654
94237
90784
98784
99902
95607
93487
97082
93231
95626
92501
93616
91714
92880
92422
98856
95435
91540
90176
96383
92385
94939
95410
91494
95529
97560
94526
98012
97401
97944
90244
97965
92706
92554
92092
93978
96798
95957
97039
92203
90727
95796
93674
94399
91503
92013
97768
91366
99696
98491
91840
96374
95091
91908
96447
96447
95154
96937
96298
91389
90374
99159
90022
95325
95136
97036
98434
93157
92733
92132
92493
94853
98378
92399
98783
93741
94601
96796
97317
91105
99319
90753
93745
98307
98030
91096
95624
99350
98076
95894
90317
91369
94737
99416
90292
97894
96037
94897
90137
99860
95546
98097
98411
92360
90263
92825
96637
90899
93654
95507
97185
99521
92344
99647
91574
94597
98617
92622
90804
92290
99869
96603
99751
94751
90482
92612
98329
99961
91194
91744
93202
92784
95975
90381
95122
90305
96660
96864
98635
92776
91159
95573
92876
92631
91914
90555
94418
97942
97473
94993
95761
93393
91527
94617
95909
91414
90579
92927
92749
98473
93536
93540
90402
96660
93908
90349
98636
98715
98110
99291
95491
95411
91345
96469
98818
97827
95977
96136
97136
93444
95946
98628
95346
94251
94786
92707
96220
97058
94115
98981
94305
91093
94076
91063
94891
95613
97149
98983
97063
90731
91999
94957
96466
97977
94562
95120
90411
93183
99477
92033
95201
93223
96109
91888
93155
99855
99947
97200
94708
98448
91924
90478
99177
96758
95365
96877
96304
99040
92674
94153
99527
93801
91622
96373
91094
99270
94163
93797
98564
99261
99056
95091
92062
93542
93281
99599
91696
91027
96197
96815
94973
91162
94723
97359
94762
98732
97436
94787
99362
99972
90392
90397
97584
93355
97763
93803
93410
96707
95890
90525
96733
93418
90250
94066
98989
94420
91028
94075
95050
99352
94430
94006
95669
99831
93750
91453
97965
90166
96251
91804
94976
95949
99405
91189
99136
98990
92761
97848
98682
97821
99758
91974
90469
96613
97187
92843
97433
91758
98677
98649
94044
94608
92574
98794
98484
90886
93895
90627
95990
92154
94652
92610
93849
92385
96769
93722
94846
93149
97085
94536
92636
94251
94441
98867
99454
92713
94781
96141
93875
91950
91326
93691
93910
94699
93408
95108
98615
97799
99336
95434
99632
94290
95801
96521
92581
98438
98751
96180
97060
92304
98406
92906
93186
98240
94155
93880
92043
90302
93432
97735
97185
99012
92352
95141
94457
98086
94888
99623
97750
98831
91674
98268
99069
97720
99137
96945
92271
95380
94590
97512
91214
90639
93168
95102
94664
91626
98044
92035
92307
96982
96225
91163
98469
94190
98422
95530
92731
98721
92966
93098
99544
97272
90567
95010
92147
90707
98813
93352
99623
97467
92757
99712
99759
96229
90664
98958
94543
97339
92065
93609
99571
96187
98624
92938
93427
98090
97002
97504
98188
93473
96916
94211
97600
94190
96866
99181
95181
96680
94651
95731
90546
95306
99716
92588
98570
99724
99604
93082
92674
93393
93372
99530
90457
96483
90668
98266
97204
95289
96366
99854
90355
92065
97152
95902
95946
93670
98249
98591
96237
94796
95586
91556
96260
91726
91180
91042
95866
95527
97188
94451
93006
99383
97200
99278
93425
93379
91673
99256
91747
91457
98108
96039
98996
99506
95556
94204
92011
90563
97356
94491
90927
92992
95614
95247
91900
90144
95876
94846
93626
95481
90682
98494
97821
95474
96253
91287
95812
93632
97428
95631
95653
92979
92151
95209
96780
91016
98293
99588
92111
90724
92423
93221
90700
93547
92238
90137
97617
95438
91800
90913
91501
95047
91484
91681
94459
93902
92583
95843
93377
92054
99889
97945
96529
99069
94256
95736
94449
99466
91140
90798
99418
93764
90420
90363
93633
91133
97418
92927
92183
97316
94980
98077
93236
91986
91704
96613
94548
92960
91983
90484
92336
90818
99379
93293
95839
96392
96031
91234
98478
95304
97304
91186
94445
98288
92679
97390
97721
93375
91015
90659
99097
96180
90733
94364
95581
97542
93227
99605
95731
93501
90863
97905
93911
91266
99285
93525
96263
96183
97443
99088
91247
98988
97745
97554
98025
99642
93036
90815
96668
93908
96740
90169
95181
91503
97427
96773
99710
90120
99294
90781
95896
97925
95640
96352
91363
98214
93254
95957
91547
93867
91827
91476
93701
95920
94001
91492
96783
90154
98461
93844
98179
97931
90602
90058
91694
92690
92741
93546
95135
91475
98569
96654
99903
91676
94623
92529
99538
96759
94893
96587
98860
91175
93395
98898
90524
93874
93507
93211
91123
91882
92196
90527
94751
90266
91854
95149
97927
92454
92422
98946
96123
95385
91714
95219
98817
97238
92396
96991
96906
91588
99963
95806
93642
90767
97244
96200
97797
92929
97418
97887
95698
91859
99388
92405
96964
95916
96440
93454
97309
92681
91549
90531
90613
98838
90459
93541
91628
90624
96700
92053
90103
98780
91079
96612
96962
93347
91873
91097
93169
97903
90932
94495
92396
99830
95223
97660
99271
93115
92944
95633
96012
92800
98287
98932
91631
95713
99175
97841
99488
90377
97826
92182
90973
90117
94905
95320
95372
97288
94182
95203
98521
