19148
13120
18948
17460
16929
16217
15427
12463
15037
11985
14029
10365
19399
12924
17275
14777
13607
11233
17981
13693
10834
17366
14650
15206
12666
17124
19220
15762
16897
14864
19699
14887
14286
13169
13384
14465
15067
17354
17267
15088
19638
16580
11023
16799
14219
12007
14535
16614
11543
16418
16292
10638
18668
19063
11205
14268
18839
14079
16381
10036
12017
10772
11227
18945
19166
19303
13899
17851
18655
15873
19528
12356
19278
17354
16953
11979
13272
16525
19736
11965
14465
15543
14130
13979
11225
17088
11363
16140
11210
19757
14123
11399
15128
16688
17428
12080
19660
14160
12225
17563
15491
19968
15997
11550
15033
19722
18410
15132
15784
12941
11621
11960
19549
19750
14239
12219
14761
13363
15135
12836
18988
13081
18305
12346
11407
17535
12809
10212
10480
18095
12454
12029
10352
17949
18321
13987
10634
13227
13508
12294
18100
18701
13532
15786
15592
12127
17706
12897
12946
18064
16528
17363
17126
14137
17598
10541
13897
10162
17927
12091
11365
13254
13626
14893
16487
10140
18906
14562
19271
11237
15096
18664
15804
19748
16934
15858
10445
13024
17795
10568
19609
12753
17697
14512
14380
15125
17956
12431
16875
12107
14166
15713
15762
10150
14815
14244
19614
13255
16316
13786
12904
13144
16469
13457
18333
10528
17446
15485
10942
17882
16288
17285
13981
16018
15593
14148
13865
13803
19573
19338
11723
12853
11008
17239
12003
16731
12719
14342
14414
17283
13178
12326
14067
19058
19586
17258
16105
16501
13360
19034
15337
17549
12322
15574
18438
11600
11116
17004
16109
19434
16348
16073
15293
17589
15813
12409
16992
19953
11749
19848
13522
14879
16578
18051
10173
17008
15779
11876
10128
19153
16671
14596
18230
11107
13726
13914
18749
19035
10763
12968
14614
11236
17848
12032
10784
13473
16090
10457
12385
19852
16612
12553
19024
13243
10962
15567
10325
12637
18965
12696
14128
13501
16599
19152
18002
11191
10860
14712
16816
16785
10781
11875
13909
19326
13771
14802
11103
18387
14279
10529
13271
16119
17405
10604
16449
18507
13539
18263
14620
11399
11362
13535
19163
18107
15617
16243
16745
11814
12953
14789
15921
17872
13816
16802
10110
18169
10908
16268
14739
12198
15017
10599
19352
17170
17197
10235
11267
12618
12179
12848
15954
13257
11700
13992
10745
17585
17976
16129
12694
18688
16938
18351
18467
18016
18061
19852
13973
12528
12606
11209
14128
10521
14923
18884
18630
11717
12122
19997
17879
12727
15814
16395
14334
19882
15936
19306
18454
17614
10728
18461
15159
12045
18795
12472
16226
16267
18912
10452
16452
15903
10732
18409
16529
10974
14867
17758
13582
12843
13965
17481
11112
13068
17337
15882
13677
14347
10462
12706
18066
12443
17255
17445
11957
11961
17385
15070
13081
18142
13112
16140
16759
11490
10135
14255
17385
11942
14746
10173
19846
14574
15246
18551
10214
19348
19007
10229
11123
13326
17825
10264
16162
14907
13291
19506
19344
16179
10788
15388
10269
11258
15407
15857
12915
15616
15611
18845
16199
13834
10764
18572
17403
10948
16816
19073
15350
15627
10344
14844
18842
11791
14933
18253
17255
18929
15450
13456
14443
10427
15144
16970
14128
13466
17693
15737
14809
13697
11360
14589
14898
12844
15201
16304
14254
17591
17938
19139
16591
13708
18532
18662
18334
10209
13772
12995
13406
14537
12250
13163
10181
11247
15987
13140
16339
13489
10666
17399
19757
18678
12956
17311
18705
17210
18694
11543
12607
15790
18877
19801
15414
15017
11318
13685
17241
14242
14618
13218
16343
15370
17639
12710
12718
11311
12085
14982
16671
14054
17977
18740
10555
11983
11807
19856
19509
15974
15009
13700
17557
19058
15988
12296
18691
14990
12416
17025
18654
16938
11751
14911
12081
18689
17019
14066
11376
17246
11779
11819
18226
17527
12875
17222
16039
16962
12115
18191
11729
10243
18316
12344
18264
12217
19306
19774
15188
19958
19403
15443
12916
13436
11663
18671
18040
17886
15774
17252
11076
19958
11818
14187
15179
14050
17365
15666
14138
14838
10343
10011
10691
16946
12967
18614
11641
12962
12630
11529
14554
16531
14120
12393
11933
18156
13778
19563
12664
17493
10293
13006
17267
17450
18699
19321
13029
12174
13853
10541
17433
13156
17178
15840
13490
15097
15771
19136
18530
15935
16114
19728
18820
13484
15576
17557
15976
14502
13660
19472
17543
10695
11497
17946
13356
10147
12503
19124
11336
11991
19298
12757
11214
16727
11990
12634
12364
14553
10767
12440
12388
19300
11352
18635
16391
16139
15345
18895
12992
17056
18728
11953
12029
19335
10862
12242
10643
18720
13236
10655
18971
10776
11863
10955
14034
11079
19798
19889
10558
17273
16501
17877
10463
13814
18969
16344
18537
13253
15468
17177
10406
16277
16467
19591
10356
16430
18949
19779
10749
14403
19663
19101
11857
11114
10067
17298
10771
18400
10733
18238
10700
11079
15801
17030
17484
14396
18707
19007
18393
16400
18850
13030
19434
15696
15142
13847
11261
11173
16423
10820
10552
11821
10650
13258
13214
11540
14431
15761
18177
15989
11999
10561
15665
15918
18055
17636
11835
14205
12013
17560
12451
11859
12167
16478
11882
11616
17012
17417
10099
16451
17584
17178
19613
14308
19000
13511
16301
19672
11631
12925
12941
17203
12337
15584
11945
12616
13981
10000
14239
11208
17130
16953
14552
14995
11259
18980
19459
15307
14043
19083
13466
18846
16391
19878
10114
11733
17787
12308
19664
17845
11150
11264
12243
14899
18988
13984
15519
14142
12906
15908
18943
17253
16677
17879
12380
17147
19038
17974
15581
17705
16116
11070
16317
11154
14984
19323
19285
10817
19202
17143
14878
11246
14424
14941
16811
17391
17156
16993
10222
19368
12543
10047
17393
19643
17747
11003
16462
15011
15879
13918
19677
16609
11747
18893
11585
17388
14715
17963
14337
17961
15883
16033
16792
18551
16498
18093
16477
16887
11970
17501
18615
19327
11263
13920
14422
15207
14486
13687
11654
12524
12531
19828
13996
16377
11296
13716
12299
10290
19667
15457
19893
14565
14760
15495
16270
15056
10170
15627
18235
10444
12948
13660
15351
15972
12870
12260
16929
16871
13188
19224
11142
15252
15508
13324
12917
10123
12679
17205
16205
11342
12686
16342
17923
14852
13386
11027
15440
18317
12648
16509
16797
13410
10959
14985
13048
13439
13880
11950
15060
12733
19878
18561
12931
17272
14995
11166
14750
14418
19582
18878
12885
13271
13901
10199
10171
16186
18780
10085
15436
16278
14696
19554
17650
15375
17685
10963
10656
11805
13293
13434
15891
17634
10402
14533
18842
10556
15249
16299
16045
16482
12177
15963
13375
15067
11754
14316
13089
11902
18762
17563
16639
17911
12283
11721
12611
18616
17589
12151
14326
13346
14872
14636
19607
17229
13014
18585
16006
16858
17493
17389
18401
13886
10330
15747
12284
19486
16520
18857
15269
16620
15792
13767
11427
16349
10741
18897
17885
19044
12369
13781
10782
11298
11914
17378
18189
14561
13465
10008
10857
12100
15324
10871
17771
16745
19316
10435
12415
13060
16337
14529
17372
14074
13309
14900
19416
14521
11406
19197
14622
19655
17930
11865
13184
11121
14528
16291
16590
19133
12590
17661
15628
13251
12609
15484
16265
12419
18033
14498
11881
18612
15730
12743
14564
17429
14566
16038
15202
13287
10775
18747
11974
16473
13841
11799
19505
14251
19410
10235
16420
18480
16397
14202
17343
17720
13886
19316
16463
12709
19711
14529
13728
10259
16636
18285
11444
12106
13971
16605
18610
12071
12153
19978
12649
16997
15299
19464
13392
14366
12119
16212
12124
12241
18652
12819
19311
15232
17265
19341
18218
13551
15131
11599
18051
10928
11928
14480
19477
11106
10924
18355
17434
11999
19805
12421
10971
11152
17594
14829
17544
16141
11852
15786
19670
18731
15970
16454
15123
12219
19828
13464
17963
17220
18334
16104
16615
12360
11444
10858
16926
12828
16152
15853
12684
11530
15606
15989
13433
14735
13071
18059
19572
16514
18718
13995
17724
14015
15404
19535
15143
18704
15531
15060
10518
17020
14832
15125
19974
17626
10510
13320
11283
11394
10550
19448
16328
14595
18191
16778
11758
15361
10590
18114
10375
18438
13514
10769
11336
13477
14527
12203
15505
17683
15601
10014
13396
14488
12325
12280
17089
16130
10965
16804
14199
19470
16521
10753
11538
11227
14606
15351
18453
10909
17493
13856
15007
17148
10002
14847
18120
15897
14026
17040
19603
17011
11440
16266
13610
19086
13913
10073
17447
11125
14686
10452
18922
13589
11807
10627
15431
10699
14458
17532
14864
10473
14065
17648
16044
18915
19684
10190
16935
10017
12787
18299
12091
13788
10023
15847
16981
10400
13806
14754
15681
19718
19618
15275
10218
11976
15834
19649
14318
17160
16565
17695
11736
17808
10496
11463
19457
12312
19076
14900
19068
13621
15482
13631
15372
11243
11799
19424
19942
12838
15541
13669
18692
15383
18291
14318
16814
14863
18546
11100
11444
17766
18108
14559
12269
17274
16348
15483
12977
11965
19483
12633
11914
15100
12662
18316
18594
18119
11091
13338
13848
12828
12693
15113
15261
12968
18856
15330
16322
17318
11741
16440
17234
13316
16278
19474
17673
12288
12510
19206
16969
14822
19276
16519
15160
17529
13336
11989
19145
10555
18999
19146
11780
18512
12085
10685
18174
16208
18599
15924
12672
14566
12917
13285
12037
11387
12431
17216
15225
16270
15669
15046
17796
18906
18669
15575
19466
15235
10069
17867
16645
16477
18797
15666
17850
11946
19506
10142
18841
17731
19976
11249
16047
19809
11599
15888
11368
11973
18736
19275
18828
16086
15270
14439
13690
14580
16988
13621
17643
12876
16561
14483
19443
12476
13834
13510
19013
13798
17922
18750
14412
11572
19133
14152
15311
14548
18187
18118
13657
15610
17323
19649
12064
18002
12976
16446
13125
18301
12456
10697
18341
17006
17741
19911
13608
13196
17937
12131
19369
10541
18186
17141
17398
18179
16933
17845
12942
11410
15285
18935
10489
14021
11938
13132
13752
16127
14636
18857
15681
18886
14458
16980
12225
10152
12354
18493
14426
13219
18307
19365
16973
14156
12256
13663
17789
11924
12481
11073
12464
19465
11548
10371
19348
13245
12091
16108
16009
13361
14743
11792
15413
16267
18324
19198
10659
17384
18043
10071
10394
11451
10924
13465
13137
14325
18903
19236
17676
11115
19150
15777
18378
12051
18010
18010
18864
19272
19705
19839
14797
14841
13401
13809
16726
12751
12602
19547
16890
15386
18947
11713
19709
18002
18444
17649
14244
13129
11929
14704
18367
10501
13105
17261
18593
17095
16931
13962
16555
16180
18270
16259
12991
13893
15785
10503
12736
16785
18832
17107
19723
14035
15780
11943
19270
13575
10603
17140
16045
12247
10873
10689
10008
16287
14331
16860
19359
19936
13129
12347
19071
16770
14491
16262
15925
10474
14105
15613
16148
19209
13823
11757
19711
10464
18422
17468
16167
11351
17112
18703
10475
12652
14231
19947
13700
13641
10156
17102
12700
18647
17819
17267
14941
15696
12437
10495
19458
12121
12070
14621
12616
12020
14429
10594
17829
15642
11010
12410
11676
11369
13061
12689
14953
16809
15165
12217
16121
16702
11277
19380
16340
11859
14954
13292
19813
15107
10195
12650
10524
17400
11847
10861
16620
19629
14822
16844
16661
13439
19521
10029
17754
17418
16821
17576
14192
13369
19716
11576
16643
11096
10286
14111
16143
19079
10058
18433
14201
12775
19017
15251
10190
11851
13531
14120
19830
12624
16269
11284
14081
12207
11861
16956
16033
16414
10440
17010
14506
14373
17519
16296
16953
18937
12694
13407
11035
13516
11568
19621
13727
12733
14975
17949
19216
16435
17099
11741
11979
14028
19408
16153
19430
18844
10458
19919
19313
10292
12548
19345
10612
14941
15013
11192
13170
16344
10458
16239
10446
17404
14671
10690
11870
18412
13104
18313
16109
18484
16879
12227
14226
18058
19022
11570
12203
15371
17340
14974
15559
10385
13751
19685
14945
15478
11155
12481
10465
13449
18007
16104
14231
19819
17638
12848
15202
18271
14061
15117
17677
15147
18514
11343
15035
11385
11314
14451
13229
18004
11734
19231
14390
14312
14540
14424
19455
16363
15636
15129
10180
16903
10764
11191
15112
17008
10669
17665
11139
13934
13267
14136
12092
19335
18417
10724
18532
16895
13686
19925
18351
18724
10145
15083
16079
15362
15684
18288
19921
15151
19587
12712
19449
14891
16175
17046
13601
15205
17224
12542
18184
10827
12565
16432
14441
18171
15744
18974
15387
19949
17008
15245
14611
19351
18948
16937
13043
14379
11134
13875
12754
16271
18801
19765
13315
14640
17231
11736
15436
15959
17866
18694
18667
11306
14364
19149
14786
13938
16849
15270
16171
17141
10401
16212
18927
18116
19478
10438
13839
14145
13422
13699
14305
13219
19436
16634
19349
12426
18498
13523
11514
13951
16595
11632
13995
10302
18295
18804
18719
17522
12251
15468
17234
17559
18504
16086
19279
18732
15611
14203
19658
16269
11564
14726
12671
13260
16235
16834
14770
16088
14638
11019
10317
17321
19688
14134
12392
13446
10356
17076
10418
14363
16096
10705
19070
16543
11259
17002
18388
11971
13859
14044
13318
10564
11454
15418
12002
14622
13239
16901
16064
10034
11437
15861
12851
10486
17038
11730
19144
17709
14568
19095
18207
12902
18117
18503
17188
11948
16178
13888
19899
19727
15954
19700
10759
16943
18774
15276
19308
16195
16992
18743
11105
12753
19328
17873
10071
19467
15990
10675
19345
14536
17120
14240
12608
15528
18104
16371
15478
12901
13122
10880
17062
11599
13938
14066
15040
19793
14386
16877
13764
19726
12265
14497
13769
16827
19419
12732
12816
19705
17677
18434
13137
15481
13022
19423
16901
12022
12860
17910
12085
11062
11577
10238
13914
13956
17748
14919
12825
14865
12237
10416
18519
14519
10261
13878
11059
11434
12017
12135
14242
16389
15862
16653
13461
10339
15258
14883
10181
15509
15664
11417
17774
14383
10428
13762
18959
11512
15307
19146
13388
18659
19755
10749
15001
14633
19330
14040
12721
17365
17654
16464
14748
17277
18275
16646
16292
17784
16429
12478
12911
10904
18241
10986
16801
13368
10234
16710
11354
11396
15109
19478
10096
10308
10757
16933
19724
18574
18181
11921
13363
14528
10611
19953
19416
18015
10449
17364
13392
18504
12912
16473
14982
15856
15217
10116
10282
19836
18005
14208
19585
19729
11310
13711
14414
15962
10840
14266
13595
11497
11600
19102
17075
11962
14947
18355
17934
19963
12059
15882
17550
10833
11505
16836
16268
14201
11085
17808
12060
18172
14478
10175
12652
10691
11315
16440
12391
15673
15290
18830
13720
19904
18655
19160
14549
10346
13018
19105
17033
10515
15759
10372
10323
18887
18578
15021
19685
11903
19669
17175
17080
19098
13888
18730
13751
18095
15862
13286
13656
12780
19476
14528
17711
18836
13415
17518
12695
17005
16509
13988
15420
15925
18522
15586
12288
13200
11725
12268
16743
15507
16086
16542
12250
15925
16250
18115
16453
19463
11617
17624
12915
15794
11754
12631
10493
11575
18160
13803
16766
13426
19955
14306
11202
16622
15475
10829
15778
13857
13914
10387
15607
13082
11206
13051
19818
13314
12127
17108
13389
12592
16255
19811
13944
12784
18866
13815
13611
11840
19094
16697
14969
15262
16770
18540
11826
15039
16240
10442
10132
16129
10137
15056
11653
17669
18621
18762
13234
18539
19911
13938
17428
14631
16052
18916
16079
18258
13840
12701
17034
18484
14559
11291
15591
14845
17769
12522
16507
15934
13770
16780
19437
18610
16558
11602
10523
13233
14103
19259
15526
15243
15598
17702
15363
13650
15972
16948
13218
12552
16392
14902
13466
12690
15748
18938
16616
16196
12194
12096
11159
19209
15686
15687
12771
13848
12170
13303
13682
13101
17568
14754
10162
19700
15060
12284
14088
12715
12255
15583
15306
13713
15825
16554
15148
17672
19916
19608
17844
12531
11242
18286
15828
15237
18118
14479
16949
11483
12936
12170
16474
10920
17539
13687
14427
19575
18823
12765
19283
16459
17504
15395
12338
11881
16430
16369
13167
10867
16096
16740
15507
16276
14087
14961
14621
12679
12040
12420
11765
13882
18449
12246
18683
14094
18109
18835
15285
15180
19341
14345
16594
10155
18273
17584
10846
16181
15386
10167
19265
18637
13309
14596
19394
11574
16408
19004
18144
18811
12108
13702
17740
14268
11076
15390
17582
19741
18406
15910
17753
13239
10774
13754
15314
11286
15156
18202
12898
14098
13161
17918
10141
13464
11276
18115
12467
19294
11412
12974
18427
12343
18000
12921
16361
17364
17610
19571
13499
13132
14552
14665
15767
13146
11260
13172
14569
13620
15374
14884
17588
13372
16411
13289
14260
13646
13637
15267
12980
14543
13363
10274
16356
18743
18254
13058
12830
12519
13421
19661
17864
18642
14128
12498
15552
15723
17691
16642
11992
13781
17864
16078
15036
16373
13383
15679
11159
15498
13656
11903
19098
16673
13604
12817
11611
18060
16600
15957
11305
19350
19107
10722
13772
13199
13137
10555
11495
14480
12993
18989
14914
10322
10864
12768
12874
16995
11813
14761
13256
18047
12440
19113
16017
11793
19082
11193
15091
15243
10808
15303
12644
15870
19642
13799
19039
12228
15466
12334
14507
19378
15893
17233
14036
15296
12005
12708
15248
10033
19327
17526
10153
10228
19647
13078
15584
17780
13376
17332
13848
12967
14017
12099
14653
19128
16029
14213
11756
18100
14851
14785
12897
13084
13202
14508
19619
18328
10895
17148
14308
13072
16341
17822
15444
10584
16705
17423
18413
11783
10223
19674
18518
16953
18577
12650
14825
18343
19449
12348
18348
11078
19336
11920
15741
19736
14588
16474
10158
13191
14211
10063
14203
10872
11463
18392
16024
19460
12518
18069
18506
10240
19538
10832
13255
13791
12386
19033
15588
10535
17910
16946
14129
12765
18240
10911
18750
16197
19849
10238
13572
16873
13282
19882
17574
12250
19392
15421
13891
13705
11684
10592
10376
11383
15948
17757
18160
11261
17728
12084
12045
18665
15403
10893
16361
12052
11618
10697
12637
15820
18691
15765
10879
11153
14181
13714
14550
19466
11318
15575
10458
13864
15205
10067
18657
10249
19807
14409
14214
11158
12612
16871
12224
12266
13543
19517
19807
13565
12223
13084
13991
14704
13002
19799
12379
16672
10312
14081
14242
10110
17825
15537
13355
13879
13701
13434
10232
16190
10731
16919
10708
14612
14608
10675
19818
10578
15731
11372
14791
18612
19971
16351
18644
10458
11630
12274
16338
19504
17495
18143
18736
11484
14288
14057
15738
13286
13125
14338
18848
12884
13618
11255
15177
19911
17184
13466
19428
18185
13793
11534
17753
18628
18901
11355
17538
13454
17655
15235
10167
10231
11558
19426
19587
17486
18776
16484
18096
11907
12971
10496
12236
10842
17173
13390
15831
12824
18548
10886
14313
13149
17138
17388
14306
11126
16643
10131
15095
10594
18164
14249
14107
15513
18422
12055
16814
18000
12448
11813
12555
17058
16990
13537
11729
12418
14937
11967
16483
19421
12984
19723
16627
17644
14405
16923
14794
18143
16375
16996
10090
11566
16533
12326
17406
12163
16691
17478
10394
10774
12462
12224
19689
13233
16404
11369
14383
19324
18811
13464
13989
11397
14686
15892
10168
11089
17617
19522
12345
17186
11288
12155
19015
17603
17193
16330
17004
13715
12738
13695
14258
15809
17366
15123
17822
14314
15616
13020
17594
12631
15078
19862
18169
13894
14103
14913
15620
15788
18825
19250
13432
14682
11551
17803
11951
12746
12913
15899
18714
19499
18294
16990
12780
12242
15004
17685
14837
18258
10426
16001
16220
15288
12934
18811
14247
15826
16770
14887
18299
15060
19264
10647
10925
11920
13771
16729
10937
17600
14569
14861
10902
16213
10535
16155
19776
17733
12915
13889
12483
14301
18740
16155
12197
17124
15508
16293
17780
12694
14652
11981
18394
13875
11002
17022
19654
13505
12959
13417
10837
15598
13428
15145
10673
11998
14671
19221
19997
10348
11233
14068
13182
12653
13787
10011
16662
12361
13393
11791
12087
11915
19976
18399
13715
11990
11089
11239
14457
18300
16990
17655
12712
11756
15913
13204
12546
13002
19035
12688
13121
12942
18087
16941
19333
16692
19829
19637
14567
19627
10666
15954
18186
10643
11574
12866
14934
19581
18209
19010
10747
12877
13565
10632
19687
13936
10886
18926
19642
12463
12665
13249
10251
10048
17502
14162
15121
17668
10374
19997
11801
14460
13416
10764
17220
16090
13718
13602
13330
15382
11830
14687
17558
17460
19679
13547
15323
16606
19422
17051
17362
12272
15400
12023
12905
17258
19802
17355
10823
11895
18892
18800
14813
14320
10771
12201
15393
18346
17459
13806
11036
17317
13854
19554
13111
14379
13578
18708
14481
17097
17080
11089
19568
17052
10464
11281
14512
13110
14504
17657
19614
10451
12024
18855
12722
16100
18419
15407
11398
15708
14463
19629
13777
15634
12765
12613
12863
19007
19228
13140
16696
14367
18685
19735
17270
10726
19551
13676
14407
13472
15725
17761
16874
11372
15297
12927
11944
16136
14638
12356
16353
12494
13352
10657
16120
18541
10286
13880
10070
13220
13269
14684
12045
10256
15599
15783
19799
15591
10418
13968
14326
18428
10078
16454
11998
14354
11336
11086
13309
12713
18817
12020
16227
19372
18539
12885
19216
10342
10523
10174
18837
11332
14490
10604
19515
13248
15497
17546
18498
13890
16971
13260
17394
11659
17075
15660
12695
17945
10579
10565
11679
11080
12487
13029
16779
16180
11570
14200
11042
12070
11617
13410
19683
18550
15780
18690
17872
14732
14643
12766
12897
11885
11851
15717
19628
12332
12026
19979
11801
19249
14485
18111
18066
10955
12840
18844
10981
17245
14954
12356
19151
14621
19898
11385
17590
11921
18598
10860
19031
17760
12665
15037
19395
16428
11525
17801
13925
19483
11440
18732
16586
16114
11253
14838
14257
16540
18760
15421
18957
19212
18511
15456
15908
14391
16528
11075
12562
13775
19935
19262
13927
18307
19833
12718
12448
14032
13872
10000
16558
18902
10925
10498
10556
11839
14031
13583
19924
19023
19343
11373
10411
11360
18202
14927
16240
11411
16661
14424
12685
17674
11775
14884
10879
19032
16830
10346
18241
12449
18271
11051
16168
12517
15588
10154
17761
12365
11629
18756
12253
11597
14927
10642
19559
18427
17471
11000
17881
19978
11084
16631
19679
16862
13059
18650
16465
15537
17028
12557
10879
14736
18189
14674
15265
10280
12936
18423
19606
15973
11735
18699
18055
16963
10617
17661
12561
15932
11080
10689
14111
11794
10374
16947
16956
15209
14147
15028
18886
15124
11269
10499
11061
15829
16269
18796
14213
14551
18278
13907
14152
15484
16624
10533
18389
17343
12307
15023
17454
17998
11451
18270
19003
11599
11545
11964
10179
10661
13782
18134
13840
18061
15132
10749
17266
11617
11919
17285
17729
16982
12621
17632
17926
12955
11372
17515
15682
16986
15208
13643
16580
17673
17498
18257
15168
15305
17200
11403
10315
11183
18553
10330
12886
11335
18716
16729
19436
10513
11398
14173
13880
17906
13077
10090
10226
16873
14572
18892
13347
17185
14872
15428
11522
19752
15973
10883
13999
10632
17180
16409
19196
13211
14858
13335
14319
14918
18909
12622
15151
17527
10404
10387
15569
18214
15754
10777
19928
11858
11540
12254
17898
13778
10720
18441
10531
16102
15293
10078
18411
10242
12716
10341
17570
12597
13365
11822
16533
10520
14170
19786
18319
10835
19165
12979
14537
13747
11167
10235
14795
10855
10037
18385
13579
17165
12066
14566
18464
13481
11891
13945
18093
17376
13078
12061
15663
18056
15976
19528
13894
12856
11797
15674
10350
10858
10022
16851
17852
12177
12131
14596
13279
19837
18475
18622
19472
14815
16638
19678
19209
13861
19041
17744
17243
13984
14728
11728
16233
17114
15290
17850
15110
13401
17709
15248
13843
11827
17521
18986
16909
12394
14164
12618
18832
14996
16630
14703
19124
16272
11612
16304
10620
17252
18205
19364
14820
11364
12964
19087
10125
14554
16568
16956
14096
16649
18718
14893
18767
15860
10998
15178
18915
16389
18386
15230
16710
12443
18861
11122
12663
10673
17130
18792
11949
17023
12868
17307
17284
13296
16080
14259
14334
13367
12192
19381
13346
18877
17304
18837
11139
19532
19670
19255
10892
13637
16922
17570
13281
10407
19816
19984
11417
16749
12330
10977
13775
17723
14874
11164
13840
11676
12007
11036
12552
18193
18630
16138
19803
19403
18891
18063
14209
12949
10218
14813
16166
17988
10801
13529
17829
13930
12648
18360
15035
15343
13869
16347
10440
15407
13266
14591
14185
14650
17470
12668
18233
11275
15898
15316
13226
14342
11626
11729
12141
11318
16882
19443
13364
17045
10355
12791
16867
12066
19728
18134
11103
14411
16947
10708
14975
10454
15624
10795
18748
17251
19634
10156
10148
10902
19525
13187
17060
12873
18647
11080
16195
19021
14042
11457
17907
14052
18122
10371
10935
17575
15857
18364
17267
16541
18837
17348
16538
12891
11901
10502
11439
14532
10258
13044
10437
12356
15014
17806
11805
15993
12865
15867
13407
16187
11310
19120
16001
12281
14242
18662
13914
19125
13980
10130
15848
18954
14907
14710
10339
10218
10765
12447
14888
17200
12343
12705
15170
11362
14805
15119
10884
17777
14236
13263
17771
17765
11115
12377
11138
11909
14365
11971
14829
15985
13399
13893
10967
16022
17145
16549
10078
17724
18431
16343
18194
19754
19284
18140
17404
10035
17737
17561
19016
19143
19539
19275
13923
15094
18795
17081
13085
19414
10043
13560
12155
15224
10482
19342
18155
14271
15187
14606
12872
11317
10003
18364
17165
11116
16518
14261
12736
15323
11015
15166
13081
14104
14647
12667
13320
19976
15181
11722
19377
19448
11637
15192
10627
11409
11883
17752
16483
19893
19841
13769
16688
12838
13312
19125
17065
17769
15676
12688
17362
19960
14666
19164
15491
18535
19307
11368
12923
11250
11686
16656
19318
19231
13711
19165
10543
18803
10248
16837
13172
18759
19110
19741
10276
17891
15252
14154
17858
19391
11235
15037
18636
15910
18510
18089
10058
11428
14413
11396
16378
13865
17894
15833
10466
15432
12940
12861
19573
16057
12433
18102
10717
18924
16722
19205
15598
16159
10617
16880
11948
16985
19665
18712
18122
10315
11616
16382
10364
18654
11783
18266
17697
10445
11646
11026
17636
13552
18504
15779
17064
13415
10211
16697
16506
15640
13152
12490
12763
14232
13443
14102
14431
13524
11081
15194
17151
13943
14268
15492
10632
19222
16430
10914
17442
15373
11631
18558
14387
19812
14990
19081
10850
12404
13494
13773
14937
18862
19150
18740
17456
10924
10842
13974
15831
17073
13395
10836
14884
12131
12429
17481
19090
14039
11345
18106
11405
11353
12470
18533
17021
15537
17797
17632
16554
18039
16035
11331
12038
13263
11763
13575
10869
15098
19343
16482
17349
16436
18964
10150
18859
18241
14700
11130
13848
17170
14764
17359
11789
18486
12306
16562
11074
14039
11028
14540
19396
13511
13651
19578
12588
10740
12863
19262
12138
15989
13725
16420
18606
19282
13740
11602
18056
19597
11788
10538
11257
19597
19951
16355
10889
15845
12893
17993
10313
10004
17897
18200
18504
17391
14928
16783
19734
15426
10172
17376
13266
16023
18362
18872
17886
12784
18924
15899
18450
15942
18464
16227
16787
15479
17468
16856
17279
15542
12182
14640
18226
11376
13628
11829
13712
13328
14438
11625
17108
11196
10786
13971
16562
16143
11055
17188
14882
16751
15111
16780
11065
10377
18029
18750
18393
10913
19951
11122
14487
19306
19407
14009
12021
13739
10853
15515
14877
12240
18453
18051
13454
11682
17202
17242
14571
13629
19370
13465
15940
19268
18947
14314
12538
12813
19277
14786
12382
15190
19390
10826
12178
17550
12679
11031
19117
17209
17515
10750
13677
17016
13153
12627
19737
12779
15844
17694
12502
12422
19482
11521
11801
14824
12273
10681
18167
15917
15955
15751
11785
14563
16898
18471
19841
10945
19068
12284
16139
15810
17269
17477
17922
19713
15343
14395
18770
17656
18085
10805
13164
15943
17505
12379
17846
14950
13780
18469
17475
13560
18729
18899
17227
18495
14991
11304
12964
14495
17194
12729
10411
19364
12378
13628
18359
11253
15665
17220
17330
14265
13776
12197
14396
12419
13336
12243
16843
11356
13155
11466
12262
11763
19645
10923
10290
18429
12360
17733
11717
14106
12313
14931
13954
17875
19117
17168
17981
13618
14312
14650
10777
15353
17270
15295
18998
12704
16988
12976
14187
11562
17737
17947
17163
12144
19092
14063
19392
19043
11152
16245
12138
15658
13908
10795
19976
18414
15675
10630
13831
14550
19235
17267
10173
10969
15947
11498
17163
10599
17433
15077
15647
17035
11663
16466
12705
17868
15268
14707
18145
12009
16737
16819
19810
16581
15772
15789
11865
14502
12550
18163
11309
14747
16865
12541
11902
13476
11240
12845
11409
15678
13936
13165
17608
13821
17518
14151
10865
12091
16137
14493
16234
12258
19990
14843
16044
19924
18601
15673
14690
17996
15455
15070
10980
17560
15320
17181
19789
15058
12160
17179
14011
18609
19893
13952
19817
15685
10492
17488
13121
18910
13897
13917
12780
16732
12065
17531
16561
10927
15078
15732
19188
13474
10713
19845
17878
11193
10118
11993
19720
17732
11322
15814
16933
18973
19173
16725
10626
19740
15019
15619
11017
16807
11941
18432
12211
15650
11670
12839
12674
16095
17464
12498
18261
15120
13163
18724
13318
13396
12391
19229
16759
15860
13468
13699
14256
15592
14949
16321
14738
14585
13940
16129
19213
14600
14321
17054
12633
16266
14840
10878
14969
14771
17682
17985
15973
16107
16556
12714
19197
18664
19600
12444
14767
11152
16497
12089
17115
19347
11043
18609
13446
10939
10144
13338
11045
19888
17708
13464
16695
19127
17216
17835
19485
13204
19910
16412
19036
10485
16457
17144
14802
17936
18744
18847
18525
10181
14987
13705
11127
18501
15758
18467
17386
14778
10721
19091
16579
19997
15856
19613
14961
16835
18819
12385
16401
11128
15664
13434
10815
17560
15647
13701
16120
10791
12076
14158
18349
14394
16220
10404
16325
16522
18222
10261
11771
12964
13616
16051
13171
15432
16570
11826
11779
15306
11326
14607
11210
10826
11388
17872
17813
18788
12020
14972
17638
10144
15312
19956
17212
12617
18709
13346
19585
12406
17220
10823
14143
11385
16774
13489
18522
15820
11160
19403
13651
17530
17841
17405
18407
18711
18545
15939
18670
17148
18985
11483
16658
19444
18350
13537
10359
16067
13224
15653
19565
13498
12534
14928
14614
15590
19794
15576
16233
18357
16410
15723
10099
19829
15180
10417
17669
19392
16197
17969
15654
19038
18369
11245
10098
12374
18478
10268
17432
15863
16314
17585
14131
10813
18783
13277
18609
13920
18078
12170
13865
18759
19041
11852
17037
10621
18635
16436
12533
12247
16102
17646
18660
18653
15812
11791
13798
15044
16087
18436
17084
13033
16338
14197
10289
16864
11758
12970
12113
13143
19482
12113
13491
14706
12669
12640
12638
11673
19258
10324
11584
10499
10295
13735
11699
14871
18673
14717
14331
10691
12886
16605
14102
11028
11984
15512
16619
15975
17261
10491
19413
16594
13466
19017
14758
11791
17274
15327
15705
11869
13633
10430
12131
12783
11180
14303
11894
10640
16424
12726
13306
16874
12616
13469
19023
10726
13298
19182
18207
17111
12443
17177
13342
14805
12743
19560
10440
11965
11160
10650
16541
13462
16151
12501
16391
17225
14114
13458
10976
14858
13559
19165
14177
15175
14258
10207
10255
17947
15211
15657
14073
19199
19643
17208
18026
18640
17433
14271
14497
14487
15414
16440
10314
10840
13785
16104
10172
18006
12500
10567
19274
16765
14986
10070
11548
13392
17750
15330
18697
13461
13560
15848
17106
18946
12723
18077
14124
14931
11709
10825
12629
19372
10878
13732
12931
11781
13369
13540
14051
14441
15372
11994
12215
12820
13931
18703
12979
10240
12199
12046
14853
15497
13616
11299
16493
11166
15908
13571
16575
14613
12953
19834
15334
13332
17603
15364
19403
11217
11368
11258
17061
12548
17479
15321
19312
16092
12342
12598
13295
12545
16594
18100
18460
14751
11109
16844
12655
11601
15124
19251
14842
13358
13398
13137
13466
18232
16818
17083
14717
17490
16159
13774
12865
19122
11883
16080
15661
18140
13780
13096
11393
14944
13018
18139
10597
11900
15755
15783
14673
12240
11835
10427
15654
14711
14289
14590
16288
12030
15389
11145
17204
11113
12802
10083
18446
18306
15036
16982
15937
13402
18829
17392
19543
12080
12360
18559
18314
17612
17278
17539
10223
19147
19382
12643
18253
15723
12523
13359
12033
12229
12783
12425
14408
16031
10316
12580
15283
10663
14376
19644
10886
16077
12992
13072
15204
13302
12533
14861
11743
15049
13938
17830
18008
12779
11819
14648
12136
15085
19807
19711
10958
11821
10532
17014
11457
13381
11458
18473
13034
14749
18408
18820
16316
19509
17092
15154
15320
19858
19179
11502
13721
14883
13554
11334
12689
10810
15252
13878
17300
13768
14304
13303
10901
17737
14196
13325
11928
17748
14994
13699
15720
11186
19299
19123
14599
18074
10169
15632
13137
14596
18890
14254
11911
12806
17034
16851
12314
13451
11679
14437
16987
18151
14786
13974
15337
11792
17824
15699
11220
15929
10477
19341
10401
19233
17960
14264
18658
11566
14889
15515
17501
14162
14912
15051
13416
19535
14395
14976
18253
11277
15323
17569
12927
15660
17283
15037
13938
14134
10917
10503
12422
18192
15520
10544
18366
15858
11639
18769
18465
12078
15435
19368
14670
13693
15369
19345
11902
13327
13292
18258
17631
15544
11474
14643
13080
12902
14234
19070
15625
19190
17894
14738
14682
12034
15576
17929
18805
17312
14002
12218
10032
13388
17913
12352
12619
14017
13964
15963
17216
14984
10041
13870
18254
11015
17827
12630
11885
16298
16137
16204
14127
14115
10051
17143
14077
18441
16206
11514
15000
13199
17729
15966
16908
12844
13251
19768
17845
11350
13202
19454
17505
15367
13146
18775
16046
11279
18316
12077
13002
15221
15698
14919
16038
19735
10026
11794
16979
10649
17863
17123
12999
13052
19595
12374
14174
15752
12597
19095
14678
19495
10096
14948
13836
15403
19324
17391
14976
16577
19455
17592
14553
17628
14486
15331
11373
14001
18762
14212
15928
15403
13161
15308
12802
15399
18064
16539
14934
12255
15225
14534
17082
14536
14383
15507
17314
18595
12031
11757
19496
14123
19177
10817
16871
18196
12077
14983
16624
17930
14969
19963
17999
16720
16652
12761
12043
19342
13370
10521
19308
16721
18930
14047
12967
12035
19237
11980
18702
16034
12486
14198
19464
10922
18169
15912
12742
18956
17710
17139
10318
14056
17086
15765
15672
12141
17103
16234
12167
18626
10112
10071
15934
19629
12931
18896
10992
16734
14481
15353
10539
13907
13197
12494
17586
19101
13710
17527
10149
12427
14434
11574
11074
17376
17749
13089
10202
11498
12271
18950
17117
18210
12335
13861
15951
11949
13270
15688
19872
14747
12298
11606
11761
13504
13987
17543
19336
13721
16012
11288
17516
17256
15760
17863
18156
18798
10745
14263
17485
18172
16176
19524
14512
13342
11126
15212
19503
12033
10713
10916
10187
18261
15451
19068
14818
13735
10518
13529
15400
13109
17053
16767
11452
16345
14810
11173
14534
11086
10483
11077
16429
12851
18878
13376
19333
11129
14693
16321
14727
14996
11152
17996
18685
12732
17984
18265
15295
16133
15318
10588
16596
11672
11922
12969
16996
17491
15970
10555
12439
17310
13954
15883
19825
19790
18755
16647
10097
14612
10959
14992
19250
14600
18503
16811
15094
16579
18449
14278
14029
12366
11305
19970
11315
15226
12648
16304
10361
16519
19036
19736
11419
11792
15193
15203
17714
15574
17273
12617
17548
19336
12649
13863
14182
17640
10107
15752
11422
13389
15605
11595
11732
14248
17815
11713
15445
18813
14546
11070
14179
12917
15870
10406
18897
13553
12241
15830
13256
10374
16265
10619
15830
12423
14874
12135
10611
10832
14632
16258
13769
16606
16643
11463
16104
16247
19123
14802
14810
17027
15050
12428
15242
17971
19545
18012
13225
12262
16613
13431
11099
11708
17707
17456
16176
14142
15225
19800
18595
10192
12470
19858
16631
16733
17890
11745
11460
10497
15472
19835
10095
16835
15051
11883
14748
15400
15999
10050
19244
16680
15254
13651
18250
10701
15990
11317
13084
11986
16356
14370
18660
12923
18643
17710
19708
11027
18027
19271
10842
14305
16597
14195
14282
12896
12739
15262
11048
14490
18184
16852
16340
15612
15007
15719
17443
10844
12700
18194
13002
17242
11075
10105
15791
11803
18195
12644
17208
15701
13799
14693
10642
10161
17751
19712
12579
15391
19936
13191
14884
15728
12716
14883
18997
11348
19574
18548
13007
19257
13887
10794
15507
14061
19928
19743
15925
12065
14102
13705
19658
10613
18230
19837
17719
18252
18229
12826
14856
10336
10936
14075
17140
18940
19027
12524
19858
15617
18979
19339
19238
10443
19848
19960
16991
11032
11292
18726
14951
10784
17664
13189
18206
16470
11335
17555
19020
11465
12396
17261
10570
12412
13845
19576
19080
13922
11014
18372
15280
18029
11530
14687
11264
12553
17397
18585
16836
15257
13958
11932
10196
18761
11412
16186
11432
14524
13333
14085
13701
12904
13209
19183
16200
10284
14413
12594
15096
13578
11190
12023
13392
17025
18286
14182
18420
16143
14642
18028
16104
18919
12225
12899
14428
14910
14504
12623
14651
18768
10359
13897
17739
15892
18246
14871
15183
14421
12379
17739
17952
19551
17332
17368
14647
13324
10012
16515
10109
15435
18260
17027
18710
18356
13479
15557
12342
13140
10627
11803
11722
10631
12678
17050
11059
16489
18228
10881
10336
17423
10305
14318
16524
10361
11638
18383
14885
15868
16651
18078
14180
12075
13273
13123
15110
15633
18290
18457
19559
11740
18397
19447
19352
16183
15398
19047
17149
18494
18046
16712
18797
16839
14912
11806
16052
12041
12368
17420
10884
10274
19279
14070
17791
11397
15324
16566
18480
12616
12994
11495
14118
15267
14259
17235
13907
15823
11682
13186
15179
10962
10288
19974
19451
10494
10923
17829
10874
11265
18002
15995
18423
19776
14573
12101
10779
11175
15451
16740
13396
17541
14783
15146
10474
18926
17890
14845
10714
16482
18461
15412
14624
18207
11261
14051
12864
14305
17398
18642
19681
10991
13888
18085
12831
18676
11774
18294
11534
12892
17362
11072
17022
14090
19293
12188
15985
15458
10096
14497
15871
16319
14649
11676
12377
12316
19519
18268
13713
12608
16569
12107
13251
18590
11391
15913
12048
18288
12145
15888
15361
15494
17212
16453
12784
12960
10691
11936
19913
14524
13215
17993
10551
11918
11853
17784
12373
18160
16888
10560
15719
10981
15186
13168
14701
16484
19544
18243
12185
15390
10938
16345
15353
11650
15879
13150
16554
15936
14264
16963
14915
14591
14013
16255
17812
17984
17585
11752
17707
10897
11989
12634
19080
11561
18345
11837
12227
15278
19202
11169
15572
13166
11859
12948
15761
16514
13737
11227
15336
12465
11506
12334
11036
17311
19092
11371
11899
19543
10981
18659
15252
15990
16268
17635
10398
10872
15834
13666
14349
19399
19685
11408
11321
14657
14023
16909
17860
18983
17931
19456
18442
18728
17706
17335
12207
14416
12784
11135
10055
16638
11006
18000
12779
11712
12516
10317
15115
10144
10967
12728
17654
15224
17936
12088
18383
18707
11425
15973
18322
15457
12156
16735
11177
19208
12036
19696
15236
17093
17551
16083
16827
11526
17173
13543
18575
14156
15898
19703
12444
18135
11920
17097
17045
11724
10166
11041
11101
18408
14898
15516
10081
16102
18930
16004
11018
10771
10141
12327
11302
17874
16892
19040
10868
18373
12754
15677
13566
14746
17479
14254
12799
16455
15576
16823
18478
13588
16008
11595
17268
12053
16580
12156
15706
13602
14370
10663
16297
19227
19221
12540
19952
15020
10736
17160
14250
15457
10489
16270
15931
10247
10247
19535
17726
17388
13855
14413
14211
16868
15164
15862
18684
16578
16871
19848
13267
14428
15465
13484
17386
18413
15627
13782
15591
19404
13347
16462
14267
19859
10806
16021
18223
15273
17637
18381
12339
14214
12555
17808
10548
17107
16559
10533
14215
13510
13901
18497
14706
12592
19855
18029
10372
11757
14941
19859
16479
13898
13723
18878
17743
14667
12530
14312
16990
17298
14562
13562
10246
14029
12693
15865
18079
19976
19989
15164
15343
17416
15493
15054
16707
15908
18105
12569
13243
16357
14570
11669
16227
15256
18495
11789
17838
18664
16093
11565
14892
14166
10934
12950
10986
13073
14337
16331
14430
14408
10272
12972
14232
16852
13621
17122
14060
14752
18480
16494
14569
19546
18831
16429
17786
18500
17330
10070
13353
18535
19254
14092
15322
14101
17689
17184
19956
14546
12948
16324
19503
18237
13898
14123
14275
17804
11377
19061
15539
13321
14220
19233
14684
17973
16538
19404
19945
13806
10830
10625
10540
13559
15305
11449
19521
18214
15315
19839
10845
18932
18217
15309
13222
16324
18179
11523
13158
19640
12433
10590
12261
13396
13318
11671
19365
19166
11092
18131
16322
15883
10932
19437
17407
12806
13789
16294
16205
15518
14876
10086
10566
16826
15402
10583
15776
11200
12904
19112
18413
13559
13005
17889
18565
10596
10790
10061
16019
15611
13070
19155
16864
15866
13808
11098
10525
14836
13708
16734
13674
10432
11538
17864
16687
14248
19169
15244
10363
16198
14480
12651
15475
13533
16313
17207
15372
13144
13457
12443
12357
11323
15307
17253
11833
15695
15269
10861
14333
19897
19242
11181
14440
12794
10594
11545
17361
10472
19923
18678
18437
11087
12593
13015
18241
19757
19547
10962
16062
13122
17215
17560
17583
10916
10492
17162
18308
15000
18660
19173
12947
14619
17955
15710
12341
10372
15988
18095
13761
18347
12654
19532
17448
10206
19350
11985
12121
14598
13326
16342
14838
10233
16815
16272
16072
11175
11249
17810
19172
10489
15264
18720
14465
19215
11515
13904
12162
13869
11344
15748
15009
17116
18270
11197
11088
13102
10935
10536
19603
11038
13665
16417
17596
18060
18133
15473
13551
15134
12729
19042
14614
17831
17202
13966
17774
17176
18900
19214
11755
14439
13487
19164
15610
17741
17436
19780
12037
17661
11755
19633
18301
13625
16437
13734
15295
12828
12951
14510
15782
18640
17696
10851
16115
16039
12832
13195
11858
17468
12116
19811
16654
13690
18472
17102
15379
10726
16913
14592
17205
15745
11094
13515
11519
11919
14334
16425
19829
14660
16227
14093
19747
19432
14115
15106
12947
14359
14651
13054
17603
19230
14407
15939
17201
16200
10108
12580
11879
16436
18393
11116
15474
11329
12261
15493
11302
16439
16331
16809
12390
11338
15876
17717
17320
18709
15243
19779
11167
11649
19693
15588
12103
18974
10970
19769
18158
14523
10981
15547
15348
17924
19840
16493
17947
11129
14243
16238
13996
17110
19649
12496
14341
14566
15041
15573
11459
15206
12210
15672
15109
18269
12432
17789
15470
10276
12167
17749
10831
16700
15986
18042
16132
16247
19326
17499
10691
17742
15852
14569
18303
14212
14218
19989
10585
18725
16870
10968
14884
11761
19114
15653
11382
10465
10183
13632
10136
15980
19236
15466
17687
16268
18344
11868
14617
18295
11372
11020
19976
15283
12377
10749
15839
11825
19640
10792
15434
12135
11791
19238
11254
14394
10606
16375
15357
17249
10999
18614
12664
12889
12507
14989
19474
14771
18133
18750
13660
17109
15780
17037
10027
17511
14736
12276
14189
13776
14650
10007
10976
10816
17290
19168
18856
13872
11977
12510
10170
19790
14072
16802
18052
18968
12114
14730
14840
16769
13313
13007
13521
14704
18977
14096
13262
18473
11123
12168
12466
12091
19082
17444
17948
14747
10180
16903
16783
19789
11747
13478
18210
13296
12638
10368
16539
13038
11205
11796
12451
17348
13249
16717
19296
17392
17848
17294
13039
15635
11163
19760
19365
17936
18331
11220
19101
16621
11384
12366
13614
17131
16753
12673
15114
11397
19371
11632
12916
16972
11660
16841
15613
12129
14738
17379
10845
13603
16078
18756
18899
15513
12555
13994
13720
15067
10312
13863
15074
13115
13205
18176
18600
15354
19735
19192
16263
13032
14287
17604
18327
10398
12300
11420
19387
19778
10534
18084
15228
14209
12988
10609
14313
11816
10233
19208
17564
15779
14929
10917
12757
18640
19105
11063
15342
19950
19429
12064
15776
11836
15145
17023
14579
17889
19601
17842
10211
17018
10374
10178
11633
15345
14870
10466
16920
16073
18005
13428
11680
19351
16036
12047
16165
11605
15977
15781
17973
16528
13147
16979
18003
18018
10344
19900
10949
18666
10907
11525
18020
16136
14502
18430
18809
13733
18833
19401
11277
10773
12713
19160
13663
12993
15895
14639
19807
13176
18922
11529
19843
17378
11873
15516
11518
12753
14328
19557
13488
18791
10143
15849
10862
14992
19695
18697
15001
14501
19130
12429
14102
14996
10876
16677
18474
15296
12145
19903
14551
18538
18525
10863
14696
10547
17845
16872
15617
15063
15482
17171
16830
15867
16028
19509
12020
19533
17790
18088
10374
11508
16006
11486
12016
12551
17845
19819
11496
12174
17264
11482
15997
10651
10631
11114
10354
11412
14645
12088
19308
11200
16535
18812
18498
16236
12787
16369
19628
18799
16708
17635
11953
10165
17030
10903
11788
12608
19453
14272
14093
15318
10528
16551
15347
16512
18617
18303
14900
16749
19788
10782
12806
16538
17460
14984
15709
14673
13364
17816
18794
12434
13977
17453
11047
12760
10933
15389
13079
12836
16163
18369
11664
13139
12479
19420
12768
15915
18172
13558
15356
11310
19809
10373
11532
19947
10873
12670
14684
16587
15138
17611
16217
10696
12763
14411
13188
16274
13950
10508
13690
15033
19720
16376
14202
14216
11882
17640
13270
12709
14567
12030
18869
16891
17850
17815
12600
10689
19936
19867
12452
12712
18130
19245
17306
16967
10390
12295
10557
12711
18652
15657
17299
13267
12301
14284
19349
13243
15195
10608
15066
18561
12436
14308
16388
13905
13747
13817
13814
17795
18754
12632
11158
16315
15721
15793
15799
12760
19369
14477
16918
11915
15289
19544
13710
14504
18166
18101
17953
19477
18526
10664
10449
19210
18048
10336
18849
15459
16622
19581
15165
11951
15279
14622
14867
12881
17864
12266
15883
15234
10920
19078
15049
16893
15626
18169
11597
11748
17809
14642
12126
17685
12098
16701
19156
13234
14082
15827
15856
13917
19969
16025
12820
19887
16709
19132
18876
12319
16793
10464
16814
17199
11002
16633
16675
11639
19280
15300
13746
19673
14604
14818
15798
11592
17213
10266
14239
13305
16906
11184
16862
19983
19237
15511
15621
11256
17385
13640
11513
13657
15242
16330
10033
19628
18833
10262
14898
11456
12560
15451
14802
12760
13963
19433
17776
19826
15713
14163
10435
19950
16348
12909
14852
14263
11927
16076
14075
18023
19197
16845
18453
12237
17153
19806
18788
16667
17921
18332
19130
15776
19802
19365
11510
15930
14979
17469
17299
14368
11943
13558
15033
17809
17974
17525
12520
11347
10172
18161
11852
16349
14482
18211
19515
19414
10891
17183
10252
13144
19584
19625
12521
13484
17209
11987
15460
17676
14580
16880
12097
11498
17216
19582
11244
14399
17862
17988
10959
16372
15830
13838
19775
10973
11423
10005
17976
14754
14956
15955
10142
14577
18980
11001
11898
10743
19188
12947
18334
15707
14181
17882
18945
15242
16775
15432
14071
11371
19879
12607
10835
14103
18067
18536
12319
12100
11951
11840
12374
10730
16198
12177
19841
19687
13628
17569
10189
11309
17191
19534
19646
15071
18829
18744
16720
13319
19252
14979
18679
18268
15455
16456
16072
10498
13451
15276
16599
14784
12144
17714
10816
19921
10526
10311
16010
15408
14438
15349
11357
19361
11046
12178
16990
18798
18859
14080
11960
15590
18639
13869
11261
18788
15861
15290
10032
16784
18534
11392
13871
10815
15131
15554
17783
14705
16127
15586
12716
14393
19233
16439
17837
14819
12802
12429
18779
11033
14042
15639
16917
15003
18742
13126
12408
19544
16978
11967
14200
16029
14944
17767
13520
13101
16488
19254
13440
19463
19170
18848
16045
15026
18776
16680
10458
11166
13062
13433
19495
12669
10235
15596
10118
11043
10151
15256
12982
11319
16580
15357
19363
12213
16971
10556
19559
12552
12139
13219
15437
15269
12028
13915
11224
13932
15293
15826
10883
15772
19826
12909
17430
19482
18531
12345
19417
15675
19698
12852
12478
12833
14106
11761
19290
11803
11656
15415
19621
17470
18760
19402
13222
17093
13985
17429
12237
10988
13503
10206
16535
12718
19821
18635
14929
12768
16911
18786
17556
11796
12422
19695
19901
16996
12934
18827
16917
17822
11375
14233
16451
15429
16676
16850
14845
13495
14452
11212
13948
16829
14140
17891
18034
18112
12348
16418
11139
12475
14395
13121
10217
14181
16034
14360
17130
19671
15158
11966
13029
16422
18935
14357
11904
17660
15261
13741
16262
18824
18677
17117
16720
12861
19977
16359
19122
17919
15613
10576
17247
12840
17688
12140
16584
12926
17874
16317
14789
10934
18865
13267
17436
15957
15154
10323
13438
15939
10842
11927
13145
17915
15961
14383
13529
13769
14356
12666
19102
18276
15568
16919
14228
10522
10336
17016
12394
19402
14380
14538
10614
18834
17907
12916
12663
18557
18951
18082
13106
11968
17095
13973
15188
13284
10368
19489
19591
12530
12210
16104
17763
18322
17248
18224
13088
15239
14373
11593
15499
14698
13048
18596
10325
15649
14178
13106
10125
14196
19936
11731
19053
19262
17949
12702
12913
14829
13942
18505
14472
17918
13587
13376
12816
15511
18611
12213
17609
12900
14472
13181
13918
10569
16895
12272
10995
16653
12390
14461
18810
17268
13498
12739
19507
17534
12984
13231
16978
12024
12415
11948
16716
14516
19683
16252
19824
13444
16872
12036
19590
11242
14595
15843
16399
12882
11422
19657
16916
11367
17348
14946
16463
15659
18390
11678
19278
19579
15333
17516
19981
18619
13421
12135
10959
15226
11355
11746
14634
12184
17343
19244
16598
17963
17146
16186
15467
17568
14077
13757
17972
17327
13725
11284
13266
12315
16818
12451
18747
10658
12082
11391
10769
19834
17214
13036
17549
16280
10160
14771
18308
11081
14772
19272
12203
11358
14618
11656
12991
19063
16219
17595
10506
16336
18337
12874
18020
19321
17029
19019
15363
10382
17168
14109
11243
12060
19872
12626
14665
14747
11869
13315
14555
14095
17180
19415
18731
13455
13743
11325
18234
11261
17578
17814
10688
13232
14921
18206
16826
14467
18402
14631
17636
17102
16783
10386
15667
15054
19019
17743
12938
18545
12500
16100
19664
17617
12196
19307
12500
15645
12148
19184
18411
10956
13222
10781
10389
17141
11404
13776
14266
10325
19030
13550
11632
14788
17274
14937
12472
16636
12032
11437
12568
18948
16839
12750
14932
10791
15901
13901
11572
16822
17498
19935
11745
13794
13015
11194
15542
15238
19689
15505
17088
15818
15811
15286
19967
12415
15540
19519
18564
19888
16755
12826
12942
15600
19467
16459
11602
18338
14159
18944
15991
14016
19153
17278
13027
12716
13584
13180
17022
19012
17918
12651
10385
10294
17039
11322
13299
15850
11936
12476
16130
12848
14713
19447
14760
14021
18287
19156
18286
15875
16462
18959
10529
15526
12312
14706
11668
18909
12782
13901
14003
13019
15257
14227
16274
10098
17486
14340
14328
12235
15671
10773
11946
10713
16825
12114
14643
15620
10546
19167
10905
17743
12262
17724
19932
16559
14670
18795
12260
15251
16646
19658
19837
16144
19168
17918
15085
17644
15993
19954
14281
16873
12710
14543
19182
10530
11614
12268
12263
10199
11363
11388
15116
17323
19810
11245
16663
17358
15563
14994
17628
12259
18865
14495
10418
15364
15184
11496
19035
12986
15558
10937
11915
12609
16175
14124
11711
18397
15925
11829
19955
10972
14753
19947
11243
19862
17498
13241
11145
13845
17621
15916
14391
16537
12741
11299
15054
12002
19183
16735
18416
17895
15923
13948
15006
11721
19241
19603
10910
19159
18133
15554
14840
12065
17154
13369
11712
17793
17691
13120
14504
10747
10919
12131
11016
11720
15653
15410
19833
10493
12166
15829
10269
12424
18663
18761
14345
10300
10543
12855
14975
18606
13860
15888
13441
18532
13449
12245
10981
18560
13069
16457
13820
17241
19623
15456
18375
11926
16015
10717
13493
19638
17534
10306
19575
13985
14773
19996
10232
15136
12071
12086
10720
18169
14183
10319
18806
18864
15496
19395
17970
14939
15465
17970
19862
15077
11148
14743
12805
17701
12748
18267
15796
16367
10857
12447
12929
18923
14756
11344
11469
13103
19573
18870
17890
12120
16352
11227
10124
19997
13151
12538
10996
17858
17198
17006
17338
19223
17800
14176
11657
14464
17234
17366
18388
12000
12156
19198
14726
16584
11210
12297
16856
13044
15455
17694
15961
17265
16999
18244
14844
14821
17792
19453
15202
11723
14919
15511
17638
10995
10935
14056
11362
13458
17784
19183
18176
11003
10675
18589
15840
15887
13918
17378
19183
10156
14180
17999
13453
15144
17853
13104
13298
12193
18346
15649
12488
12238
15940
18515
14076
13691
17600
14097
17979
15197
16598
12854
13195
12250
12155
18650
14807
14401
17436
17867
11725
12874
10171
18719
19733
16730
13954
16995
15814
19446
19815
14530
13947
16728
17079
17108
19638
10727
19692
19214
10258
15410
19232
14084
10975
12782
18615
18824
11508
19913
11176
16032
17239
12254
18209
15322
19322
19622
14362
10417
12341
17395
14302
10060
14792
16961
15994
13915
17223
16274
15602
17813
15194
13491
16555
16255
19411
14070
10622
13887
13346
14503
12001
11854
19452
13863
16335
19352
18702
17746
15372
15530
14565
17852
14532
11929
11789
14470
15022
11082
12387
18390
14370
12587
16083
13445
19217
14022
10136
10767
12068
10362
13933
11113
19308
12260
17061
12159
11248
10470
15623
13548
16230
11013
10530
13633
19883
13222
13190
18377
17518
10748
18590
14653
12332
13801
13082
17337
14609
19423
14382
11979
17446
15435
14269
12623
12618
12847
10225
17377
16210
10996
10911
12696
17339
19415
11753
11066
14907
10579
11164
15711
16691
18027
14939
10302
12272
15087
16259
11237
16329
10481
11359
15012
11624
18369
16424
13421
11662
12116
19558
14914
11441
12947
12769
11276
10979
17006
12850
15007
10358
16868
16726
14237
16941
16485
16428
18864
15073
11735
11158
13669
16141
12304
19117
11643
12124
14427
19720
13476
18971
18193
17623
17215
17023
17580
13592
15487
14514
16135
13648
16341
16717
16347
17174
17772
17701
16120
16690
15297
13867
11480
16849
16557
18439
10694
17916
16874
13893
11278
19410
14909
14963
18066
12931
18156
18298
17434
19267
13840
16111
10081
13809
12000
10217
12330
16016
14009
19771
13838
13233
11616
10682
17799
16488
18674
17211
18246
16098
10191
16579
17922
17864
11068
15530
19305
16427
19930
13772
10870
10982
11856
12946
10408
19947
17467
11367
17353
15403
14842
14159
16434
15191
15037
15599
15696
10372
11587
15504
12954
18456
19328
14310
16100
18250
18096
12129
14299
10491
12429
15512
19110
19534
19260
11923
16815
15249
11790
15981
15842
11062
19186
13415
16070
13563
18603
18396
19998
11498
18105
17380
19314
17099
16522
17966
14214
10709
19009
14365
16977
10430
15132
12045
15782
12132
19683
12882
19495
11591
15087
18698
19279
19725
18297
15474
18252
13961
14325
12703
16143
13617
13229
12386
11927
14826
17278
19955
13740
11048
10263
15083
12042
18470
11491
13765
18958
11708
12855
14317
13985
14160
18562
19015
13865
19062
13600
19987
12310
11851
18813
12649
13473
11791
17594
12514
11604
10991
11623
11488
18147
11912
10830
17954
16697
10254
15811
10827
15696
18720
19305
11582
18517
18572
17008
19803
10687
10116
17006
17166
14376
10299
11415
12016
11022
15451
13422
11663
13965
19876
17871
12358
14308
16469
13766
17564
14872
13832
12637
13548
19080
15461
17558
17613
13879
10490
13822
18341
18387
12228
13737
19118
12862
10215
14846
15886
15810
13954
12964
17604
10550
11558
18878
13210
16423
14592
10289
12001
13956
11159
18640
15313
17763
12864
13831
16131
15762
17748
18512
19837
18325
10472
17647
13684
16442
13096
18328
14791
13633
14637
19451
16440
12415
15277
10806
10319
12430
11542
16346
17943
14024
12086
17001
17969
18009
19810
14229
17363
19615
14962
16707
13452
12245
15590
19045
10776
14524
16271
13221
11368
12356
13376
10541
19573
16242
15310
14381
12867
12921
19147
11688
18245
19565
10858
14294
19727
18227
14935
19447
16251
18000
10656
12669
10830
12444
16417
15018
11216
10233
10647
11161
19506
17697
17641
14262
13164
12937
19332
18651
12714
12562
19484
11443
12029
13711
15101
19874
15564
16022
10934
11964
13164
10445
16879
14300
17121
14433
14817
12252
18072
15892
10948
14692
15994
11528
12056
17466
10094
18737
19294
17250
16679
14004
11062
10185
17271
14966
17326
17759
10124
17728
11370
15738
17113
15797
11324
10653
14503
12109
13115
12353
10498
10992
18466
10402
14679
12659
16450
16772
14432
18812
14787
17152
11312
14302
17502
18509
15889
16432
18915
11016
13114
10453
19979
18409
11465
17075
11946
11941
18215
15415
14026
19672
10073
12679
16298
14559
13107
10130
16419
12012
18395
13370
18910
19938
10167
13832
18722
12103
11328
17542
16618
18646
17211
16620
12481
15991
12152
18826
14082
12049
15075
10510
13087
11627
19635
18729
17096
11243
11681
19006
16380
12182
11810
16257
16643
15548
13583
17704
14613
13319
18654
18285
11549
14968
18456
11004
10879
10074
18388
16973
10073
13541
14510
12436
13592
11524
14620
13025
13308
12983
15308
18662
15127
13889
14078
16066
15716
18547
10957
19680
11227
15246
17137
15934
10676
11503
19157
10281
10273
17516
15877
11177
11378
15170
12079
10279
14019
13878
16903
13541
19923
13890
17548
13578
13889
12294
18638
19736
19973
16880
15517
18589
19453
18285
15339
14278
10820
11362
13291
15059
18162
12645
12533
19682
13197
11891
15499
14840
17965
12240
11133
12812
19715
15294
17269
16630
16888
14563
19929
18657
15249
13138
11601
17243
16202
19214
18704
15348
15144
16128
14403
14428
16252
11953
16685
16675
11587
17366
13173
18798
16575
19512
13571
10920
10987
13877
17792
14881
14393
15815
12851
17274
17730
18310
14430
13855
18090
12768
19645
13646
12153
15240
16005
12995
14765
11294
17795
12135
13086
18979
15209
19377
13478
10779
13429
10970
17816
12308
18546
17868
18278
17566
14731
14189
14831
18047
12385
15952
17613
15707
10134
12873
17182
17880
14479
10428
19240
15585
19671
14189
16825
15340
16953
13513
12213
18620
16708
17067
12796
12378
19216
18399
10076
18679
19784
15768
18560
11424
11780
16795
11837
13389
16783
15159
16394
17358
14474
13495
19846
10996
16175
13965
19155
16300
15010
15517
16165
10939
12533
14797
12283
10635
16392
15840
11541
18808
16075
12238
11387
12194
14142
14289
13573
18845
18442
12789
13274
17995
16811
10609
13184
19654
19443
12944
10761
15457
15768
17246
10994
11285
11996
14203
14139
16519
12723
11906
17701
14350
14987
16300
14617
12554
15979
12406
15064
14345
16279
12436
17621
14507
18880
18862
16597
16837
10593
12818
16282
15168
16429
10763
19568
11672
19489
15267
17974
12996
18566
18957
12413
16889
13176
14222
19254
19398
11065
15096
14162
15479
16369
11884
17045
13893
17540
13575
14974
10670
12937
17836
16430
14059
18528
13509
19395
17903
16545
15885
17894
19694
16134
10781
16425
14143
17039
19450
19373
13084
15206
12703
13012
17719
14786
19260
10958
19818
14522
10330
10058
14328
17698
19665
12613
17032
13962
15964
12553
17393
18174
12347
17744
18534
16149
15892
17927
13414
19679
18710
17991
18688
13521
10886
19234
15500
15188
14762
17072
19496
14328
19517
12252
10725
12221
14741
14046
17777
13517
11816
18123
19488
11703
12314
18849
11871
16993
13317
15612
17532
10361
10610
15432
19767
10216
12029
19603
13790
18903
14886
10388
13079
14630
13375
14926
19719
10685
14119
17380
13783
17889
10626
17121
18293
18111
10301
10261
13125
16356
10888
14228
13304
16481
16742
10199
14617
10860
19161
16231
12158
17522
19157
14695
15538
19175
15528
11224
17805
17317
15831
18814
13843
11212
12994
19927
17988
15869
15650
11504
19913
15388
16034
12641
12462
18025
15291
12342
15033
17158
12370
15253
11352
17982
19357
16562
11048
13178
13031
13370
10312
12104
19739
18715
18071
17082
18226
16220
10655
17278
13012
17816
19690
15348
19072
14386
15108
14534
17133
19328
17572
14231
17720
17999
12367
10156
11249
11833
19876
11230
10910
14474
16102
19007
14885
18740
10403
17085
14497
17408
16596
17307
15324
17893
17880
16756
18996
10726
15664
14568
14442
14408
17306
10384
18667
14686
18020
16941
18813
14617
17762
17693
19201
12842
14767
16674
19350
11455
13615
11820
11523
11560
17161
14927
19288
14135
18512
11043
11770
16208
11316
17664
11792
17489
14088
19391
19975
10594
17022
16845
10970
18791
17806
19604
12493
18777
16328
11650
12602
12450
16828
14425
15719
10837
10065
16956
13351
15390
17353
14700
11117
16721
12965
18806
19759
18501
11311
15262
14129
14748
10548
19078
10809
11984
14851
12072
11969
13891
13425
14094
10353
14962
15518
16603
17872
11423
17211
14390
18180
12196
17544
15931
11815
10050
18672
15381
11029
13269
17164
19522
10257
11101
11311
11134
17321
12079
12372
16181
19944
12908
16026
15989
11911
16993
14028
17145
13304
15961
15015
11245
19643
14526
17736
13800
15480
18936
19604
16646
18998
11878
18394
10988
15542
12214
15136
18884
19622
16202
11853
19390
16912
17974
18612
11857
10036
10931
10577
12961
14537
18477
17228
15894
14288
12034
12722
19885
18863
16630
18485
15690
18874
19545
16567
18040
19138
15440
15029
19163
13686
12220
14681
18432
11079
15461
19884
11970
13288
15665
14766
12598
16461
11820
10255
14905
17319
16797
16576
12426
14642
14950
10540
13897
11287
19987
16827
13400
18587
11605
17749
14855
11568
12731
16523
14717
10413
15272
14954
18064
10888
11206
17596
12270
13999
17587
10978
19376
13078
18560
18281
12975
14706
14840
16944
17907
18384
11291
19154
11407
18735
16186
12884
12483
13138
11563
14216
12228
17177
12654
10047
11551
10065
15809
13967
14383
12275
18559
17083
13778
18020
12480
19872
15549
15953
19424
10769
19083
12440
14283
12126
17791
13148
12999
14421
12300
10308
12764
15147
17926
14976
12497
19692
14232
15913
15589
17699
18561
19275
13629
19877
17290
16194
19371
17063
18278
18579
19561
15429
15469
16957
13396
19178
11948
18028
10375
14819
10871
13759
12097
19144
14649
18292
16146
16427
11512
13744
16639
19032
15168
11021
15237
19612
17637
17221
18446
12389
17556
16867
11908
15631
16257
10269
10040
17360
11717
18628
19845
11578
16163
12169
11038
12854
16510
14533
10707
12990
18111
13939
19654
14643
11337
19227
19301
13306
17426
16770
12563
10833
14693
12480
19471
10821
18747
11646
18472
18602
10657
18169
17319
16316
15136
13946
13264
16634
16802
18566
10850
17020
16274
19307
17045
10152
19493
11475
17645
15070
12989
19541
15968
17968
15061
10252
14662
11129
17813
19896
14163
13466
17816
19257
16772
16339
13826
11451
13651
13930
18392
19763
13121
18252
16492
14933
12561
15131
18380
13873
12937
18923
15716
14740
14541
10587
19751
16478
14860
15820
17860
14469
14671
17413
10015
17797
16420
18714
19938
17729
19767
13166
16628
11541
12744
18215
10706
10534
13408
10617
16587
16227
16115
14121
15895
14060
18538
19841
19716
19705
10463
14238
17296
19064
13003
19558
16616
19410
17405
16840
17928
15740
15868
12128
14736
13400
12929
12431
18025
15312
14867
19121
18569
19703
16320
12975
19051
12157
17837
16872
12430
14025
15445
19254
15485
17726
13494
13933
16801
18349
14979
19520
16597
10080
19390
14846
11720
15470
16680
15109
12938
15309
17412
17134
13178
16994
13331
11176
14780
19629
19679
10945
11028
14863
10417
13215
12217
13454
10166
13245
19348
18915
12178
12536
19173
11221
19941
10983
12763
15546
11102
16344
16027
13258
16336
10142
14687
14988
