22491
20612
28092
28497
28916
20090
25967
27271
28178
26391
29670
29305
27605
25134
24904
29373
26012
22719
25905
22227
20802
27716
22129
28632
24205
21815
27178
20937
23859
20134
26311
29932
22145
24700
23245
20181
20753
24229
29167
26717
21775
27918
26867
21993
24326
20938
20760
28368
26141
24521
29146
27992
22914
24123
28561
28984
24212
24982
21297
24026
23756
25607
26239
25097
23566
26198
20084
25979
25994
20817
20668
22376
25060
29252
26648
27999
28643
26946
28132
23841
26061
29090
20942
26964
21377
28067
23183
24646
21365
21781
26519
29456
28475
24085
26153
20948
23390
27534
22880
20047
28781
22971
27779
22922
25743
20112
25126
22169
27039
28165
21929
24444
26780
25838
23123
25374
24442
25581
29900
24493
22235
27825
24926
25263
28752
27122
22260
27805
28546
23623
21666
24874
26846
20112
26725
24820
20955
26927
23650
28819
25035
24574
23033
23459
23005
26517
29886
23967
25003
22754
28296
27776
26523
28098
25754
22946
25732
27811
28810
21014
23688
27197
26076
29264
24249
21090
26802
23114
25296
23786
23275
25341
20557
29885
23073
25211
21823
21790
22886
27227
24597
20111
29039
26157
26372
29154
21112
22314
25591
20800
24130
28608
21127
26618
21683
28815
26624
29830
27024
24720
21400
25881
21715
28302
29809
22806
21699
23985
23877
20302
28823
25106
29893
29505
21779
28253
28169
23813
24190
28846
26652
24796
29141
21478
23265
26208
28837
28893
28923
23457
25275
24217
22988
25462
22814
22054
25637
20797
26362
25441
27056
20255
29531
27257
21688
23495
25546
26678
26856
28361
29973
23539
29003
27576
28387
26034
27521
29066
24002
20116
25661
22937
29960
22137
20422
20273
28503
29830
28403
26332
24584
20534
22670
23476
24565
29755
26400
27236
21656
27581
22732
22244
28456
25264
26623
23500
23563
29376
23766
22392
23596
26328
23661
26208
24152
25759
28767
24511
23268
27352
29353
25656
28736
21924
24135
21996
26288
24334
20066
22860
29106
22690
20766
20265
20355
25621
21991
23516
29537
26957
24257
25312
20324
25079
27295
23818
22248
22395
28344
22263
21109
28935
26484
20048
23313
22897
28154
27114
27460
20107
24830
26362
22477
23851
22395
27287
25321
26290
23213
27674
22874
22749
26064
29195
22022
20606
26228
27057
29114
25184
27787
23463
25005
26088
22914
29581
24710
28779
28399
20977
21325
27801
27942
26988
22333
20071
29841
25423
22651
28885
23638
20132
22867
21910
26003
20481
22992
29309
25669
28594
21739
21385
29603
22329
28876
28619
27753
29378
23496
20851
21690
20645
24201
26483
23251
29112
28124
27056
22906
23737
24502
27309
23979
26669
25057
25948
28072
25997
27838
27728
29105
25609
23382
23164
28221
28320
22044
28238
29471
28374
29192
22767
26681
24671
20566
22789
25198
26629
23584
29256
28291
20441
21607
22605
26930
24692
27261
20393
23375
20785
27809
23025
23554
25432
20227
20888
20559
29577
26203
24661
21764
20576
27543
29470
25037
22166
20646
22651
25310
29836
24633
24400
21390
27592
21481
20313
24284
25749
28097
24954
22560
28422
29630
25962
27303
23671
20528
28912
29071
28871
24871
24213
21931
28825
20295
28605
25120
24376
20503
25528
21197
24817
29774
20546
20609
28290
29140
20318
26557
20535
28008
26192
20747
23841
26846
26375
20155
24856
26265
23877
27311
22053
25363
20931
21733
21050
27470
24439
28169
28754
24624
21132
28042
25325
22998
25612
24162
26371
20311
29212
25103
26406
22791
22684
24962
28655
23658
21160
26174
25565
27290
25493
27984
28999
23248
20171
20772
29032
22145
24276
26978
25527
21006
28659
22600
27175
29181
29426
29385
28613
27146
25138
26735
27383
29617
22688
24067
28978
21259
24745
28927
20065
27980
29837
23505
27057
29313
24705
22351
29664
27719
27369
27084
26778
28749
28514
29685
25118
21988
28259
24540
29424
26434
25150
20843
26668
25562
24310
21192
25749
26675
22072
29228
28442
26384
25139
29059
26998
29028
23331
21851
28708
27699
26343
20446
28007
28138
26546
21173
22234
24268
21873
23119
28045
20316
25065
29014
21651
28628
28168
28669
27553
24098
24075
25385
27240
25877
20075
28152
21457
24507
21973
27596
27057
27965
21104
21622
22213
23235
20769
27490
21815
20959
23058
20656
28245
29494
21815
27150
21418
21271
22564
25458
25942
28732
25656
25940
22592
29312
24559
20669
25886
28969
27286
24222
29495
21554
25261
26460
26460
26966
20594
21606
21745
24488
29673
24029
20519
28947
28302
20089
26763
26426
21142
27084
23261
23121
26168
24917
25858
25663
23031
23433
21997
23707
22756
28547
25954
25931
25038
23272
20953
28707
28558
25534
21392
22667
29189
23271
26785
26144
20751
28723
22699
26031
23058
28068
22966
25996
22389
29566
21757
29182
20253
23262
23713
27543
27311
27941
25277
22764
20692
26517
20605
24374
24553
29320
20987
29100
25728
25871
27581
21755
28565
29617
23463
22054
25649
26855
22451
23605
24006
20601
29006
21048
29594
22521
25612
28797
26415
21195
21476
20200
20426
22985
29118
29010
22551
22537
23511
26077
29606
23586
21763
22864
26674
27128
20031
20017
29592
23249
28364
23559
21586
24953
23448
23515
23825
27183
23878
29749
25681
21888
22493
27644
26810
20479
25546
21875
29836
28281
29083
29980
29371
21744
28703
28685
20395
28026
20126
25022
26577
28345
24435
21161
27060
21008
23692
26566
28409
27384
29744
23597
26966
24259
21457
23028
25695
28991
23374
24030
28732
29666
21837
29180
26350
21053
22983
28770
22780
28609
20726
20278
29468
26958
21796
28253
26703
26355
29248
27059
27293
20480
25441
23927
26981
21572
20448
22591
27625
24392
22087
28426
20831
28814
29314
24437
21682
21907
21595
23727
24472
24328
23074
28123
24971
22555
21804
24545
26605
28025
21159
20383
21197
26605
22646
26671
28391
26991
26752
23155
21759
24607
21242
22496
23721
28355
24342
21803
25865
21191
23639
28429
26060
21900
20192
23553
28800
24691
21360
21460
20657
25242
25137
24603
28405
26723
23431
24572
23418
26945
21627
26894
22285
28299
27043
23236
20213
25415
29426
28020
20794
21590
22517
27728
22927
23933
26885
20245
23344
28933
20735
28469
21028
24660
27196
27113
28060
23190
23704
24145
29949
26997
21554
28619
27332
26050
21409
24801
20075
28115
23627
28422
24304
23395
20634
24669
22611
26040
22254
29083
27831
29300
23894
21929
21138
28114
21791
23787
25949
22808
29164
25141
20135
20216
22006
25544
20393
24046
23552
28584
24255
24563
21950
27334
27210
28808
26592
21202
24653
26461
24707
29183
20995
23187
21311
26418
21145
22858
22450
20627
22799
22382
23742
22513
21495
28044
23702
29567
24236
20253
24043
25810
21611
24346
27227
20975
22847
28750
24890
21394
22952
28181
29464
21419
26243
28803
25299
28580
25917
24314
24907
27915
25065
26777
20553
20872
20522
23666
21367
22047
27321
23103
21390
22624
28142
22530
24506
22853
29115
22170
28119
27144
20620
23552
28571
24449
29317
25098
27827
23457
25513
21313
22740
26865
28223
29474
25339
21457
28783
27876
24996
21072
22718
22673
21105
27675
28712
26149
27929
21672
23012
27847
21661
26395
27333
21408
23409
23239
28467
24198
20844
23328
28162
23840
25506
28770
22560
25628
22420
21592
21528
27452
23607
21241
29520
24369
27280
22207
21284
23200
20124
21729
27686
28697
20884
23845
29186
26684
29703
20090
27111
26333
29104
29048
25740
23279
29371
26655
21464
27621
23140
26653
28787
26022
21509
25937
26761
25105
26659
22645
23642
24139
24081
25813
21965
28586
20843
24163
21048
22542
25031
28160
29002
27273
25484
23885
21749
25156
20250
29424
22219
23125
26812
24530
28978
27431
27053
22103
29832
21989
25208
25685
22627
25874
27548
20609
22408
21629
28474
27699
21410
24980
28835
27494
25897
28256
28806
29859
21797
24385
29441
28516
29289
25652
24168
22588
25008
21613
23900
27516
29397
23498
27190
25881
25858
28259
29906
24595
27837
24000
27291
28700
29747
29959
24933
23548
27720
28422
24165
26578
26576
23008
21756
27050
20116
27615
23306
27133
22879
22961
24774
20565
22806
23166
26734
25730
25966
23088
21558
28445
26384
28240
24588
26020
26364
23021
26522
28210
25230
29742
25746
22579
27337
20444
26159
21479
23409
25883
28137
25371
22789
21192
27727
22522
28017
25761
21910
28265
27321
25591
25813
27927
25030
20060
21129
26335
24753
21403
23695
23333
25185
24453
22147
29162
23874
26232
28903
25738
29932
29837
29331
29874
22737
24722
24893
22324
20007
25971
21302
22139
25259
28424
23272
29305
21648
27651
23352
29853
26445
28663
23448
26753
28009
24988
24203
26730
24999
25272
29157
27894
25798
21928
27765
25542
24626
26529
23756
23841
29688
29582
23076
29217
27812
28168
28712
27240
29539
23488
28062
28532
28367
21794
22188
20820
27959
26407
25306
23629
21521
25571
27149
29302
28259
20735
20472
29067
22868
22526
20901
25656
25328
27160
26556
24657
29937
24320
20469
25189
24479
28641
29629
26787
22691
20846
20745
23421
25791
21328
24231
27479
21726
28490
24797
26246
23998
26517
29086
20892
25484
22429
28278
23341
26461
20235
26297
29504
20243
20788
22325
28305
24255
29574
29688
24707
29188
21043
21880
21504
23923
27363
20454
29022
29353
21485
28844
24098
29920
29273
20790
29678
27711
23126
21965
24229
20307
29980
28654
25778
20219
29886
27892
28839
20711
27461
29332
23767
20087
27405
20299
27106
24104
27043
21977
28451
24075
23349
26492
23964
26440
29300
21763
29267
28105
24549
23420
24692
20687
28396
20854
24055
25966
28827
27498
24040
24283
29984
23814
25038
27420
21865
25156
25878
27579
20256
25647
24251
24476
21962
23539
21835
23278
20245
23128
28142
27140
28035
23248
29915
29436
21989
22573
23566
22422
28715
27568
26554
21047
25646
29739
29905
22884
22888
25069
28108
27757
29174
29986
24539
23531
24531
25011
20237
27748
24666
29399
21389
28321
27207
27455
26171
20326
27955
20005
24772
20092
26047
22514
27325
22253
20574
24764
23276
20188
27590
25626
22249
25373
25687
20501
20899
26582
20336
28299
22384
25550
22087
29427
25166
21777
21333
26214
25600
25473
22862
22431
24464
24275
26696
29116
20998
26372
27826
29799
29296
29909
26361
29396
20945
26157
21334
27520
24721
21819
25970
28795
28825
24058
29554
29850
23661
20372
21200
25119
23479
24262
23828
21300
23341
26797
22414
23407
23815
23632
29202
23696
29561
26847
29979
28438
29551
21000
29736
26502
26039
23258
23092
28020
26595
28116
24692
21038
28554
28303
27481
28947
28002
24757
22207
21792
26106
20232
29823
20060
24017
23063
29543
20454
23828
29875
29229
29314
27167
28618
21524
20867
24869
26216
28660
24269
20869
28325
21263
25541
20983
22210
21608
27919
22551
27618
29768
26896
24048
24639
21908
24272
24748
22037
23543
28911
23232
24298
27029
20593
20155
20720
21775
27317
25046
25298
27685
25737
29107
21837
27221
29035
26008
24773
29135
26458
20477
22518
27378
23982
20133
26783
22014
26145
29450
28306
25055
24943
25995
26698
23041
22867
28170
29672
29941
23656
20563
24865
28468
26156
27709
25642
25269
23772
29567
20819
25614
24449
22369
27061
26182
23868
26590
21869
20337
27578
29766
24548
28898
26165
25641
22299
20795
21254
22682
28668
22281
29113
24409
22020
20349
22935
21161
22363
25916
24525
27947
25926
24958
21000
25836
28193
21285
22401
25001
27767
22920
21645
25941
25404
25159
29120
21709
24807
27307
20416
28004
24387
26793
27165
29904
22083
23948
27787
23691
28546
23033
27036
29742
27524
20314
20700
27777
26121
27936
24520
28886
21743
23146
24483
29720
27021
26008
28985
22965
28777
25196
22061
24816
22170
20646
20861
24542
26573
23911
29869
23414
25448
21910
28964
20319
28500
27430
22380
29158
20732
20208
20835
28795
29685
25734
29677
29751
29091
24996
21763
23114
24456
27307
24958
26191
23675
20110
20640
26324
23681
24152
21414
28984
22334
29815
23330
28776
23302
20527
20374
22290
20503
22177
26697
29892
27835
23233
25143
29484
29396
28867
28981
29016
25142
23828
27443
26119
27053
22991
24657
22599
21254
25602
25867
28748
22262
29045
24466
27411
26542
20664
28274
20599
23920
21609
23770
22044
27014
25012
22515
27572
20846
21865
24888
21397
27037
21909
22431
20534
29606
23559
21601
21401
22271
26445
28522
22390
20377
22489
26465
23681
24099
26611
25196
20907
23395
26137
24102
22410
29351
28759
29027
20770
21018
22536
26153
28060
21598
27781
24928
20838
22958
29981
26025
25285
22819
24871
29652
25086
24702
21679
24120
24664
26723
28217
24535
28205
21680
21945
26701
20529
27515
24475
21901
29339
24203
23038
24062
29602
20393
21376
22035
29929
20719
24253
26160
27670
22577
24313
20146
24155
29428
27352
26382
24028
26138
22276
25227
22927
20785
24949
26605
25906
26438
20965
25228
24940
25940
20949
29213
27622
22455
23445
25462
20724
28652
24632
24240
21670
27792
21196
29646
28204
20706
22502
22298
21485
23647
20901
25509
20729
23392
24480
26451
28101
27549
24833
29358
21042
20065
23570
28715
25440
24133
25180
26536
27182
27338
20567
29328
21438
26756
25179
27178
28785
24937
27938
29463
24761
21235
22392
29177
24758
26772
29463
20554
29318
25499
21977
22778
25815
28244
24735
25887
21303
21445
20328
23712
27837
27342
20130
22632
25999
27785
21900
24288
24541
29565
20345
24968
24056
25169
24600
24346
20437
29202
27100
21474
29489
27390
21586
26502
27538
22018
24113
22452
24104
24937
29816
22583
21815
26881
29948
25333
25592
29699
28217
20679
27857
26365
22832
28844
29008
22107
20804
24713
22730
28879
24051
29092
23868
24506
22627
20955
22492
27345
29021
23237
21591
27030
28866
28388
27366
21986
27636
28903
20506
24801
29957
22344
24014
27237
27997
20011
28153
27700
28076
23313
25925
25336
20119
22178
23113
26536
22846
25355
25366
21640
28726
23367
21081
21878
26615
21023
22884
29174
26728
27930
22416
24354
22158
22199
22832
22493
23478
24725
20892
27692
28148
28779
25907
23363
24425
22466
25878
28309
20258
29602
22154
23313
21253
27966
22674
27718
28235
22550
20436
20608
24107
25437
28226
26557
21812
23221
22829
21656
20014
27527
21952
21528
20787
24105
24932
29414
24098
21228
23899
29020
27143
28659
25557
23815
22692
24352
24964
21726
29553
27207
21787
21765
29938
20711
26402
27030
23111
24081
27865
26739
21997
24687
28348
28453
29657
27903
28903
20531
25449
28342
29581
23955
26541
29437
22883
22176
29003
26735
23252
27371
24166
23920
26925
21604
20101
29615
25811
21787
25188
27279
26295
28048
20533
20153
28848
26122
20696
28162
27147
25757
27657
23866
26089
28725
21242
20184
26447
22047
20326
23413
20263
24267
23065
21308
25083
25231
21119
27422
27060
22717
22367
29778
22621
22465
28996
24000
25931
21697
22978
28510
24690
20051
28950
22113
29933
25992
25286
22363
26473
21240
27783
26474
29351
20525
26753
25197
28271
29064
27594
24126
26334
25561
26901
26141
21637
24242
21085
23374
20259
25453
22087
26975
27030
20706
25284
28219
26057
24698
27952
25044
26490
23771
22789
23984
20221
27611
29862
28630
27296
28499
22134
22274
21734
20393
24219
24164
25085
28293
21381
25940
27631
26882
25984
27238
27414
26264
21529
27217
25425
21790
20256
21784
21240
24398
28856
24694
27133
27695
28272
24371
20290
28077
27790
27280
22112
24594
20671
23011
20803
25983
28405
25831
28449
23298
23375
22402
26614
27932
25147
25612
25114
26456
23941
20012
27070
25665
25901
25233
29623
23508
28734
29922
23735
24150
22983
20253
28414
28337
23769
23849
24376
23419
20171
22096
29683
20936
24583
21246
25204
23498
22377
25448
20897
26847
22976
22916
24840
27442
27053
29803
25710
20692
20986
25030
25986
20046
28937
23318
27511
22560
24936
22981
23285
22244
22247
29642
29330
28560
24917
26984
28329
23747
26913
20884
22331
29307
27547
23826
25315
28965
27956
22380
27612
22657
22373
21693
23301
23737
29612
27436
28545
29446
24745
27486
23559
22922
28309
22688
23382
23563
20537
28529
22988
21377
21088
27265
20349
20105
20551
23099
27074
23377
28581
21412
29957
27932
24965
26676
28362
28003
24134
22730
21761
25404
20665
23347
28924
20537
23197
20706
25284
20575
26828
24250
27805
22417
29554
22694
27343
29656
26592
27505
26906
24773
27528
27010
20498
20021
25178
26519
21303
23097
21729
21302
29846
26542
27308
26090
22456
23077
28474
26875
27897
22560
29267
28231
25304
20138
25466
22108
29756
29260
23472
22111
22709
27734
28836
20652
23324
29754
25892
25041
23235
21915
29149
22562
21768
26654
29168
23919
20728
22229
20481
29022
27966
24427
26792
29034
26689
21476
29162
23842
23165
20320
26191
24663
28895
29375
21289
27379
24573
20140
21071
23359
22270
27660
20613
21043
29114
27688
25870
23347
20463
26669
20896
23072
23078
29128
27672
20956
29112
25942
29344
28711
29876
26078
23434
22478
24283
23880
20220
20488
20646
23725
22881
22390
22048
24005
20229
26731
24928
22735
29911
27335
27682
27853
29785
28996
21126
26263
27875
27788
25457
27040
26761
21573
29004
25840
26570
21820
22510
29548
21821
28734
28921
22441
21308
27868
22762
27765
26931
27880
25046
21499
26904
25925
29357
28306
21165
29257
22273
23183
21937
29080
26607
26183
20391
25411
29068
21706
21145
29791
24922
28333
29947
26027
20962
29961
26283
27844
24682
24057
21910
26339
21938
28281
28325
29375
27559
22418
21059
29759
23415
28598
26335
28893
26226
29113
26120
27896
23072
27795
20874
28713
25977
27880
25424
23623
28234
26552
22293
22708
24184
23971
28546
25371
21043
22455
26755
23792
26110
29730
28048
23290
25140
28672
25349
27066
28031
24808
27928
20464
26100
21980
24140
23014
21148
26072
27858
24832
20319
26431
25507
27686
22269
24733
24836
29981
29608
21446
23624
29270
29734
20726
26336
25475
21198
25635
29439
22971
25568
26906
21566
29890
25397
20111
22982
28611
27323
28071
29936
22205
25623
27614
23389
27860
25596
22371
28331
29729
28027
26212
29457
20522
25705
25128
21297
23220
20457
28881
26106
21775
24488
27620
20740
22357
22964
22746
24594
24797
25700
25855
24237
27238
24592
24275
26823
25673
20002
26883
23565
24062
23676
29219
26614
20016
28000
22681
27542
25657
21371
28575
23270
23199
27320
24148
25794
20026
20638
24378
25317
28624
27194
20259
22538
22565
25427
21595
24730
20939
26529
29902
21984
20129
27254
24919
24539
23611
23946
26449
29464
27599
28938
21753
25132
22778
20752
27598
24888
20116
27688
25166
27133
21791
20336
25522
27619
26659
22292
23117
21185
23354
29951
24860
24384
23108
21618
22733
27502
28689
23373
28602
24308
25477
24167
20928
20546
25621
25398
24397
27683
26469
20895
25159
26661
20022
21668
26321
27572
21026
26031
20600
25037
27505
29797
29658
25836
29024
23123
22524
24844
24790
20267
28712
27713
25796
26042
25194
23889
22670
28082
20208
21521
23626
27147
21032
26648
24959
28652
27317
22604
29905
27379
26372
22032
20378
23876
21830
23123
20077
25461
22581
23718
26752
26912
24538
21783
26077
25977
23827
28426
29459
26609
26352
20106
23398
28523
25305
29967
28541
25064
25193
24349
22462
22675
28185
29426
21373
24306
26207
24668
22457
25993
20092
24338
20337
20551
25321
25633
28308
24788
22391
22187
27379
27038
28713
24688
23938
29879
28080
26107
29889
28896
23196
27669
27491
22077
26566
23110
24808
26035
25086
22966
26673
24596
24127
27719
20374
22527
27576
28449
24888
22151
21340
26328
27430
23463
29167
27743
21315
28943
21264
20170
24696
22757
28178
24966
20608
20270
24671
27224
24931
27869
20895
29519
20371
24992
21115
25923
21387
29939
23379
25048
27074
28567
27123
26003
26485
20285
29487
29154
23583
28894
25301
24365
27105
26773
20139
22983
23952
29684
20640
26281
23431
25999
21359
22263
23659
28592
22819
24803
20737
29791
21159
23928
25934
29822
25784
23735
26051
26989
27766
24895
27358
23456
28398
22001
24099
23989
24262
22115
28377
26205
22451
29780
29447
20021
27167
25503
26926
20830
26823
29249
24248
25641
28994
27833
25787
23954
29071
25284
23525
25415
27328
28208
26884
24486
28254
23981
22382
28265
25463
28214
28155
27386
25272
29332
22076
21467
22135
22343
21168
20004
29501
20927
24351
26756
20394
26800
20153
20712
23034
28016
25958
29541
28149
23293
25614
22057
26291
27799
27766
24683
25423
26898
28169
23163
21312
28276
25385
24826
25875
29619
20807
28612
21502
28528
20712
29754
22600
23725
20203
23521
29133
21770
26311
27752
20768
21479
20271
27050
24379
29029
27056
22440
22136
20350
23611
29067
22180
23795
25921
21074
28960
25328
29016
27191
25725
20511
23368
22764
27367
22412
25702
23945
27839
22232
22218
27618
22710
29914
27432
26242
24067
25324
22432
20255
21946
26636
22183
21935
23736
21542
22718
23694
20590
28562
25540
20653
27800
20345
28366
22068
24263
28136
28460
28648
24738
26798
27241
23168
27392
22744
22590
29891
28309
22907
28338
24265
24089
21503
28788
28126
23442
22753
29809
27206
28758
21941
27016
27125
29064
24257
25891
21258
26453
20692
28275
28861
29133
22949
24636
24669
25547
24793
21734
21827
25695
25568
20862
28426
27735
22688
22733
24230
20221
23868
21235
28190
22917
26540
29801
29285
22042
21473
20907
22882
28996
29962
21384
22339
25153
29117
23609
20897
29140
27748
25417
22037
27180
26154
29626
27417
21528
26725
27422
20284
26805
28654
28557
28812
29144
29325
25288
28203
28425
26961
26289
22597
29632
23962
21411
27828
25349
28055
28076
23913
27778
28835
25330
21755
25310
20569
22165
22034
25626
28254
22556
25486
24592
22817
20862
22851
27806
23083
27733
29676
29546
26680
28455
25816
22074
29402
22808
22028
26802
22704
27922
26342
27630
22008
23372
21051
25951
24262
20818
27099
26245
21823
28830
26402
20998
21127
27274
24219
23731
28852
24574
23064
29362
25321
25508
26865
21799
24747
26811
29055
29727
24567
22764
21145
22846
21624
23227
28914
22519
21224
22107
21850
22697
26198
25130
27686
29310
27035
21967
27993
28866
20855
29254
22635
29929
26550
27862
20625
24341
25766
29879
22402
28573
24572
28207
23894
29465
28631
24429
25845
22707
25484
28624
22850
26934
21167
28227
25289
21043
24791
21668
23938
27449
23932
26546
21396
29386
25754
21385
26688
26077
23594
24647
29403
25632
26447
24608
27551
21839
29243
28943
28943
27715
25099
23419
29383
25584
26851
24981
22171
20789
24065
25676
22530
23674
23469
20373
27433
22426
25285
23027
26006
27525
25286
23371
28201
27135
22585
28330
29740
21545
26127
20230
29493
23977
28653
26879
21358
24499
25505
27031
26517
23572
27066
28361
23484
21854
27833
24127
22750
23280
22206
28960
20042
29130
26877
23876
27200
21864
22414
25508
22524
28801
22080
24822
23052
27392
24244
26117
29703
25790
25830
27998
22447
24703
28160
24185
26779
29092
23299
23499
24608
21195
28529
25208
22419
29554
28935
28002
27040
22247
23268
28304
24678
26382
26216
26396
22040
20048
20989
26854
29272
27372
29776
23180
23232
22133
25991
25202
26183
20441
21488
21794
29357
28411
23966
20787
23070
26474
24617
22552
25050
27970
23755
23668
26469
26040
22642
22343
20827
29455
23005
27807
24243
25001
21849
21748
27004
21305
28096
21073
25278
26575
29292
27757
28781
20639
21170
23336
24892
29864
20231
22742
22218
22073
29624
24600
26927
27412
21646
22843
23319
20271
25915
27571
26016
26821
20920
21445
24969
22510
28031
21576
25988
23955
21309
25895
28933
20041
23479
27250
22891
27792
28287
28141
22648
29558
22138
23907
23623
29445
23371
22434
23048
28533
25834
24004
23619
20396
24529
25782
22124
20736
24983
21614
29598
27489
24777
29299
21471
20710
25160
24322
25838
24711
23058
21127
25530
28492
28941
20465
24943
24306
24003
24090
25759
28381
20868
26113
26601
22263
25693
23738
20462
28028
25894
28723
20289
25707
27001
24964
27498
26642
24155
26871
20414
22245
28631
27828
29593
23608
27427
27977
24863
23799
24450
25785
24498
21292
25105
28439
20439
29960
22212
21955
24695
28336
20077
23088
21153
28418
25286
21616
23901
22225
27323
23379
27864
22487
29471
21573
20080
22413
20609
26232
20227
28283
21524
29573
27201
27804
25112
27939
24435
26579
28478
29433
20457
24871
26339
20045
22727
26884
29371
20028
22185
25206
28186
26625
23148
23785
23472
28835
28199
23786
25490
24868
20520
28087
21623
23158
26779
21747
28926
23374
22116
27798
29777
24732
25025
29959
22595
25096
24014
26479
26357
25850
29815
22180
27171
24324
26588
29032
27515
27684
23095
29086
23930
29629
20142
27425
26910
23962
23709
26972
27550
27193
24138
21425
29100
25667
20525
27393
27993
21419
26008
21862
28143
24924
24053
26559
24355
22254
28020
26464
25526
28730
26307
25754
26017
21126
23190
20813
24001
25703
21121
26576
28948
29916
23682
29443
26446
21506
29651
27286
27526
29873
27721
24636
21354
21111
28292
29060
24711
29899
23447
22944
29033
28572
28735
23416
25932
26097
20723
21986
25138
27465
22384
24635
24537
27020
24357
22545
20634
27664
23874
23428
29160
21513
24709
23519
29773
26609
20900
20674
25851
28576
24183
29755
20217
25742
20100
22487
20325
21165
20549
25311
21879
25269
21197
20429
28182
28326
20598
27177
23602
22906
24156
23136
23443
22596
20097
27008
29275
24781
26554
28152
28267
22078
28511
20893
27478
29160
20907
25273
29179
29100
29490
29705
21273
26148
24173
25174
27691
29878
20571
25081
27221
29038
24162
29607
25635
22094
28101
28546
25255
25472
20077
21980
28079
29801
25829
23855
23485
29072
26912
29579
29180
27577
28164
25054
24545
24716
25933
21245
28809
28335
21568
25333
22597
23112
25977
26776
20317
21701
20059
24187
22565
22835
22780
26858
22280
22383
23299
22933
25732
20503
26078
24807
29587
20437
28259
21122
28280
22243
26686
23912
21710
27849
27912
28889
21880
22113
28311
26665
28517
28344
22951
22763
27939
25649
21297
24679
26476
29838
25002
25003
29600
29204
28044
20562
20601
21445
22306
28974
28097
28227
22323
25561
29993
29454
21352
25617
22569
20167
27220
29240
27326
29194
20429
28547
24931
20148
28922
20008
25132
22193
23585
27816
23910
20097
26085
27758
24234
20553
25958
24886
24840
24464
27004
22428
22177
22950
23971
23849
24320
28230
29315
24760
22020
29172
26340
26425
21341
25336
29449
28058
24319
22617
24412
20790
28978
28222
21574
22216
27677
22658
22763
26767
23250
21622
28242
23825
25694
21287
23578
22414
28251
26289
27474
28636
20674
20962
20752
29557
29152
20813
23511
25172
26953
23061
22215
28302
27177
22189
20950
20771
29173
28858
21438
23070
23157
28315
24495
23869
23381
27451
21614
25181
28752
28061
29057
28780
21287
27523
28477
29543
26956
27096
27414
21798
20542
22391
20244
25476
25989
20119
25173
29878
26380
20220
25648
24211
23153
22671
25254
25711
22478
23845
23551
28102
27786
28186
26619
25461
21397
27090
20102
29093
24892
28444
24476
27971
27432
27022
21919
26476
23563
28095
21693
26709
27245
24032
26281
26484
26777
26407
23627
28263
26121
24181
21793
28752
21702
21926
21120
23658
20202
20695
25507
27189
22072
28178
28870
21288
27546
24054
24976
25296
26771
21108
28911
22761
23372
22567
26221
28475
21198
21402
21430
25429
27334
27857
21075
28368
20537
27363
27642
27912
23178
22168
29898
26753
26515
26501
21953
27392
23633
26908
28123
29052
21768
26507
23141
29960
25891
24342
27622
29984
28395
28768
26775
27830
25527
26847
26361
26394
29825
20097
23598
29684
29201
20651
22325
24813
27580
20825
21112
22941
29010
23456
20185
23775
27043
29940
28076
29261
23826
27875
21690
23433
28836
20422
24157
27038
25484
25083
23253
27516
24902
20441
29449
27201
20161
25606
26715
25168
20893
28591
21097
21098
27806
26661
21760
22697
28981
23810
26745
21756
24965
27950
20951
27789
27668
23157
27040
22297
28865
20340
20880
21211
27714
23119
21912
27817
23087
24327
25391
23554
25786
22590
27861
29501
27707
27709
29365
27045
29917
28212
25983
22273
29231
24374
24033
24975
23387
25219
22951
29758
28194
28624
27309
23781
26124
29464
29676
22862
24762
21947
25101
25312
25222
28788
24896
20745
25200
21644
22086
29332
28692
24391
23389
25484
24547
23233
22935
28791
29031
25374
21059
24206
23355
21053
27438
22898
25716
22116
21617
24999
28842
23951
25540
25552
28228
26646
22075
25360
23316
25503
20734
29150
23712
20680
26789
24502
25209
20661
22806
26323
25854
24483
22271
23286
20588
23242
23398
24643
24105
22215
27505
28072
25480
21180
20381
21820
24832
21942
26985
27289
21875
28952
29490
21455
28501
20955
26202
21994
22753
29089
24221
21868
29509
29575
21815
24234
23980
27189
27457
23048
27743
29106
21222
29466
23437
27349
20795
29262
23485
22098
28767
21866
20231
27419
20054
27363
29763
25574
28301
23776
29325
26013
27955
23340
28733
20415
24330
23103
29461
25662
27416
22137
21221
22529
26472
24956
24712
29049
21478
28294
21003
23994
24454
26299
22515
27730
28304
27443
27932
24833
23375
24919
23550
25251
22258
21196
26524
28583
21453
26496
21300
29078
24512
20466
29083
27318
24995
26062
21648
28263
29178
24764
24989
24297
27810
22642
25378
26242
23436
27500
20237
24907
24795
28356
28901
20700
22631
29844
23828
29040
21908
25790
21093
24893
23815
28167
20128
20600
27281
29903
26565
27370
23719
22621
28774
22284
20665
23276
28238
29480
29623
26874
26248
26300
20971
25980
24568
22600
24103
21563
25715
24203
24092
23867
29264
29485
27135
26485
24217
21494
25780
21550
23866
26660
21527
29079
28840
25156
26756
28890
26024
27270
20157
29227
25944
24790
29821
22253
28828
26293
26002
22918
20064
20518
21165
24340
29056
22537
28415
29820
21581
23302
20618
28878
24668
24341
21653
22284
24757
25869
28062
28957
24415
28375
24109
25834
20260
24881
25733
20304
24913
23479
29235
23678
28745
27530
28636
23286
23025
23925
21636
20271
24626
28211
27808
29923
23911
29047
24303
21478
21615
23452
23645
24712
27591
28630
25470
21377
24150
25745
29024
20538
29378
25982
26061
28229
21298
29458
24453
23470
22033
23101
21215
24674
22241
24492
29964
22734
29984
24854
21860
29671
24950
25832
20984
24633
28473
21574
24810
22231
22140
29670
27906
21734
22975
22003
22368
29490
21116
29266
21588
21076
26747
20977
24908
24144
26606
26192
29512
27723
26842
28781
22408
28798
28184
25152
29818
22417
21469
21589
23419
27261
26389
23013
22948
24653
24018
24886
22447
25333
24129
25233
23127
24935
21626
24311
29209
26116
22494
25333
24404
22524
28624
20809
25763
27393
22549
25597
28478
27460
27716
29531
29968
21107
27238
29639
24040
28140
24250
24374
26266
27493
29982
20029
29860
28251
21422
22592
27247
28885
29083
26612
26333
29344
26774
26383
21992
20750
29522
23714
22730
27836
22828
20866
29650
29981
26274
26874
29854
27727
27219
20367
29249
22991
25718
22286
20362
22836
20170
27424
29194
28650
24258
24596
21443
24816
29658
21427
22443
23592
25759
21237
27110
25771
27134
26308
25836
29952
21886
23950
29809
26737
29142
29189
24550
28043
21959
20669
23588
25831
22683
24410
25158
29050
21420
23419
23541
22354
24685
29851
23268
25236
20520
20406
28763
25631
28429
24947
24223
27741
27315
22953
28532
29887
22275
22339
27826
24483
21590
20449
23959
28940
28546
27540
20587
23211
28795
28980
29815
27004
22927
23561
21451
27258
25608
21792
23780
24389
27214
29891
29485
24013
21219
22269
22821
29391
20782
27758
24514
28671
20939
22577
28946
20154
28612
26071
24170
28282
21236
23641
29042
22800
26235
24969
23328
23660
27797
24617
26038
24613
24441
26395
24424
29164
20725
22534
21111
23567
29107
23584
29611
22916
23458
25253
29163
27985
23993
23915
28234
22479
24531
23421
22301
22617
26859
22007
25619
23535
23762
29578
28533
29939
21756
22499
21621
21613
26984
25078
25431
27936
22839
24415
29939
29390
25904
28001
20953
28188
27557
21524
21649
24625
22211
27700
26189
20525
29571
25627
28948
26237
27515
24168
27226
23051
24247
22162
27583
28596
23234
22875
25873
28828
22084
20064
28931
26542
27025
28238
21474
22996
27921
20273
25223
26190
24858
21407
28534
26639
26278
29820
23873
29041
20332
20501
27372
26161
25683
20897
29396
29454
25350
23988
27551
29484
27332
26826
23901
28016
28737
20353
26291
22845
25943
29346
29610
25835
21906
29725
26603
24478
23146
24123
29407
27312
23189
25628
22364
23984
26261
23904
23877
21427
24905
27518
20066
28662
27828
21232
25818
24067
29805
27271
29459
20600
23722
25120
25700
26449
25955
25286
27819
20815
20217
28626
24046
27174
21690
24368
25068
29222
22853
26709
29220
27941
24725
22050
29467
21739
22442
26309
21587
25474
22032
24530
26114
28291
26084
23051
27530
24693
29571
27866
22974
28029
23528
21486
29296
20669
23501
24622
21663
20537
21741
28293
29151
29401
26945
26602
22716
24313
23033
20344
28818
29962
28930
26852
27561
26333
24583
22055
27676
23041
24597
26584
21940
28965
29731
28932
25692
23429
28281
25201
27977
23031
23873
26732
29574
26483
23566
24071
24648
28308
20326
28140
23107
21112
26911
27217
28862
25262
23994
21399
25159
24318
23958
24601
21883
24280
23212
27781
21332
24840
20113
26146
28325
21227
22598
27327
27726
25924
29513
27178
27439
20581
22273
24776
27807
29780
28963
28432
28921
29956
21302
20082
25844
28746
25967
26313
27976
22300
25711
20441
22895
20708
22437
21550
26849
24546
23914
23244
23822
28813
28191
26920
22561
24017
24928
21869
26305
28013
20834
27207
23074
26372
27203
28717
25336
23479
21133
27054
26611
21375
28437
22425
29171
28425
25479
24881
21353
25284
29211
28645
25212
21383
29540
23515
25254
21141
25815
26331
26800
25466
29714
20723
28179
20767
20095
23924
24388
24649
21469
25288
21111
24730
26693
22361
27084
24634
26185
26803
29642
29092
20517
24323
23025
28300
20594
29848
21481
20217
29793
21631
29574
28312
25413
25709
20200
21431
22569
25204
26796
21906
22293
27308
29948
27819
26992
24498
20218
25398
20654
25501
28362
27956
28239
25839
21324
28456
28535
27421
27397
23854
27433
21554
26769
20668
24049
20011
24296
22913
20411
24334
29800
25457
26542
24434
27448
28179
26676
23722
29844
28863
29065
29501
24335
25672
21410
24154
28752
23258
26254
24796
21305
20104
25880
26460
24664
28503
24223
26665
27411
22752
24087
27246
26986
25607
21573
22711
27012
27783
26034
23059
28443
20425
23113
22991
28396
25827
20433
28766
22688
27422
20402
28548
28129
26075
22223
22045
28450
26055
25704
20468
23359
20703
22745
28411
23687
24803
28471
25103
26821
27895
22927
23687
25732
20396
25938
23647
21737
22277
22322
23344
25892
22261
21951
26708
26365
24026
29369
20600
29501
24751
20613
27055
20416
20467
20704
27728
24880
22174
23859
26195
28057
26422
29898
27451
27189
24170
24559
22954
24736
22125
28450
23861
25659
21477
29249
24711
27553
29974
24408
24771
25158
24621
27098
24465
21401
23919
26451
29907
25589
20569
24199
29385
25608
27767
23799
21863
25083
24890
24801
29026
28304
21201
24790
29233
25468
29453
23577
23845
28237
24798
29482
23818
20995
28211
25523
27217
26271
27838
24133
26350
23785
26102
22604
26586
21288
25185
27908
27622
21990
28613
28735
21929
27716
22038
24663
24449
29132
22045
27204
22195
24427
27841
25157
22377
25600
27005
27144
22883
27206
23133
27553
29543
25786
20190
28141
20420
29543
25633
26545
28615
26829
21976
24600
21507
28951
24353
23977
26209
27450
29867
23948
28095
28560
23014
26289
21717
27851
20334
25294
21158
26195
26571
26662
29934
24159
24096
27640
28917
25670
27128
22195
24432
23379
22362
29241
27699
27532
28024
28975
21058
27354
24090
22225
26071
28970
27400
20395
23501
26687
26800
29062
25430
25127
25012
26556
25322
28116
25971
29997
22711
26527
28596
25124
25376
21309
20565
23039
23365
29860
28570
26480
26019
23564
24728
20615
25289
21843
22359
28523
26047
23388
28184
29478
26861
28377
22127
28969
22741
26420
20389
22985
24738
23745
22227
25501
29968
29702
25960
27342
29605
27057
25127
26634
21731
22736
21430
25912
20505
25683
27126
28618
23085
26345
25867
28192
20948
27895
27637
26264
22841
22783
20397
22559
22436
29444
28332
28018
24963
23080
24165
24398
23586
21298
20928
28147
28081
20110
26772
23683
25510
28278
24921
21394
25020
28343
29745
28656
26604
20794
29034
27933
26779
23763
22049
24663
22434
24442
22690
29002
27855
29930
27206
29783
28860
24654
26284
26039
22339
28666
22048
21323
29077
26156
21551
28701
22688
26330
29646
29806
27728
29435
25814
29587
25600
29171
21450
29534
27761
28971
26408
26043
21889
23731
26189
27338
28187
20427
24056
21886
29796
20769
25559
23614
23408
26555
26508
24397
23620
23693
29241
22245
27272
24020
26202
24450
22121
24966
24295
28512
27532
25889
28269
20110
23570
26475
26461
26598
28860
26987
27642
26560
26893
22323
23407
20781
25085
21881
26581
27713
20798
25037
22468
26922
23822
27675
26384
27356
25319
28659
27914
23345
29153
26391
29590
20165
22673
24697
25275
22723
20522
24115
21448
25478
26862
29419
22781
29048
28511
26673
21953
29128
23918
23458
22442
26315
20664
24042
22233
21239
27213
27209
25809
27997
23015
28226
21573
20292
24753
27997
21962
28929
25495
21834
23870
26343
27857
27487
27757
23694
21863
27066
24808
28732
23145
20317
22872
28114
27358
27361
23539
26133
22249
27428
24695
22952
29692
26406
25159
29307
26154
20068
20590
21423
21596
21751
22773
29391
23588
22946
27578
24610
25538
22753
20433
27098
25380
27520
21979
21399
23810
25067
20735
20661
29188
28881
24046
22024
29638
26420
23382
22882
21520
22219
25136
26832
27465
20897
23469
20130
26460
27353
27454
24358
23095
21448
20821
28651
23014
22288
28911
25325
26847
22867
24130
26030
25486
29281
28129
21660
25383
29948
26220
28164
23803
29403
27148
22134
20381
28058
29194
24591
23202
24057
21849
28725
24711
25850
20776
27539
25187
24434
22657
20304
29285
22339
25634
22528
24181
22396
20551
22751
26235
23073
27955
20891
26776
28741
25912
27093
26590
22620
24087
27067
23009
27344
20270
29780
23122
23104
26518
25999
21554
26143
23468
21683
21503
21011
22986
28514
23278
28447
21296
24933
25469
26994
27019
25016
20038
20546
21119
29186
24124
25902
28672
20357
28168
24093
25564
21430
22071
26766
26781
25225
28540
24240
26768
25929
25517
24953
26486
21915
27635
27007
26268
23400
20034
21238
28350
24822
26528
21851
28032
21039
28125
24998
27831
28516
27201
27921
24703
27481
27257
21263
26422
28744
28098
24970
29571
29309
21548
23864
28220
24221
23345
22401
29331
28207
22743
29376
28248
29542
22533
22432
25147
20356
28663
29109
21287
22090
20494
25839
22079
22187
29783
28861
22521
28278
28975
21273
29401
29072
27100
28661
23790
26976
24621
21612
26853
26074
26973
27231
21728
20479
20196
23337
24365
22352
21067
28387
26579
25869
28436
27399
25293
23315
22099
29121
22988
22116
20467
22558
25701
27130
28529
21565
26544
20774
23185
24672
24741
24700
23862
23595
22368
20627
22531
27905
23655
24684
28737
25272
24543
29127
22050
26342
23446
27694
26456
20867
27664
25983
28679
26981
23755
26243
25113
28690
24302
26753
20147
27572
27988
29562
22006
23440
24671
26785
20926
25299
22220
24881
28475
28324
27291
28364
26130
24755
27932
29278
25845
26649
21923
26409
25287
26215
21104
28695
25629
25131
28584
20589
20392
27656
22710
23228
29656
23632
28912
24181
25158
26526
28164
20279
28300
28568
28686
22554
24875
29717
25727
29698
27452
29702
22780
26600
28797
22733
26456
27481
27422
22552
26343
28990
29468
21524
20692
27158
29419
21143
28494
23589
25902
22965
28656
20452
27776
28330
27325
20888
20024
22447
25180
21323
28601
23413
27491
24802
28302
29575
21109
29985
27980
29273
24189
28690
22965
25431
26420
26015
25447
23764
29802
20948
29737
27391
22600
22140
20832
22572
22014
23018
21493
29962
24305
22810
25200
23279
24657
25176
29748
22633
22862
24162
29003
22858
25118
27945
28404
28190
26633
24470
23143
23318
24556
29482
26661
27500
25797
26685
21083
22732
29747
21801
20504
29220
21573
27169
22693
21378
27829
21165
24685
25415
22435
27224
22977
25205
27743
20523
29620
26567
22356
26508
21353
21372
24663
24319
20097
21937
28613
29960
29654
23062
26188
28541
25225
23774
29199
22314
29505
23321
21610
21362
21536
26333
22382
26813
22246
20131
28022
22203
23648
23189
23445
27235
27065
27453
29572
29608
29403
28819
26144
24802
25502
29467
28644
20739
28903
22921
28938
24119
22986
27726
20260
27878
29351
28466
28509
24694
20586
23460
23483
29766
20106
26939
25624
27185
22608
29757
26129
28143
24885
26761
20883
25944
28237
20840
21549
22330
20500
23355
20373
21980
27865
28172
28797
27216
24065
21844
23786
22925
27273
25613
29958
22489
23081
25856
20032
29127
25343
28363
20928
23476
25303
28401
27886
27444
23448
22901
24437
26433
27825
23313
21706
26866
27190
27667
26603
23636
27267
28222
24770
22548
23661
26697
20805
26142
25514
22540
25260
27372
29870
20949
25164
24543
27884
26427
22437
22620
20519
24538
22426
20590
23170
29230
23051
21879
25781
25610
23529
25026
27448
28352
20516
24765
22248
24087
28644
29479
26083
22047
21890
29577
22715
21000
21990
22776
20827
22101
20214
26480
22957
26638
29193
24516
21446
24886
22223
25310
26174
27252
28491
21269
23770
21761
23992
24621
28254
22521
29580
23233
28590
22293
29543
21054
29535
28524
26368
21726
28319
26283
29958
20652
21212
23433
22452
20338
20819
23057
23030
26194
27070
25661
20583
25115
22321
29025
26000
27187
23690
26681
29932
21612
23846
26954
26413
21577
24812
23264
27422
29184
28040
22960
28634
20819
28000
26333
21936
25342
25838
29668
26063
22369
24281
26183
22676
25548
24875
26547
21587
26240
23930
26288
25465
26292
24052
20865
21311
24687
24051
20412
23293
21797
21175
25268
29101
26649
26121
20263
29873
27215
23079
20440
21989
21032
24178
23408
27518
23657
20155
23829
28966
25447
26786
23685
23115
22908
29688
27921
28207
29500
28474
28820
28492
22186
24922
24021
20277
24226
28790
22505
23965
21792
29272
20042
27341
21793
29638
20630
26345
21003
27589
23251
20925
22043
24077
23924
25218
20053
28895
21477
23268
25011
22226
21714
23754
28568
27504
28732
29804
20984
22450
24032
22865
23298
21940
23741
22808
22236
28491
21810
29980
20490
23571
22342
28751
23016
25703
27360
26241
20770
29362
27250
24403
26905
22060
29906
28389
26877
25678
21142
29214
23134
22101
23350
24158
27092
22534
21553
24025
25973
24469
26039
22437
29732
20222
28560
28641
23786
26217
24733
22007
26547
22709
28719
23301
26861
29545
27509
25140
25377
24743
21242
21598
25600
29118
22830
24840
24912
22065
24893
24871
23200
20650
24505
27023
26925
26649
26563
20618
29389
23900
24757
21427
23809
21372
25021
29972
24357
25759
20148
27533
21785
21052
25803
21768
24451
21577
27552
24292
22619
29241
25725
23250
23756
25408
29948
24945
29213
22703
27989
29950
28157
22326
24211
20725
22914
27990
21359
29790
20982
28483
25672
29731
22892
27023
29397
28925
21828
27073
26640
29765
20443
21100
28213
29388
22679
20860
28630
26413
23561
25242
23726
21064
27901
24442
20522
20170
29647
27285
21896
23033
27236
21905
27371
28890
26678
28642
27925
21825
23381
28046
27098
24353
25722
26147
22871
26625
28260
23813
24796
24241
20121
26889
28693
23961
24589
29136
26858
23302
29213
20452
25160
26922
21841
28811
29684
20007
26933
25482
24640
26445
28195
29600
20153
27473
28152
29988
23214
24703
22603
29208
27633
29950
28100
27291
29112
23134
23535
20311
29713
28661
22732
22040
21941
20167
23546
25288
26414
23281
20376
23205
28677
26149
21228
29829
20087
27846
27526
23461
24906
25555
24680
26073
20738
22377
24134
26879
22283
28985
23073
28456
28993
24017
26235
29340
25691
20002
25437
27917
21442
23961
26275
28579
26072
24352
28239
22637
25581
28972
23984
23279
27415
21604
25888
25967
24080
28771
23154
23131
28863
21737
20742
24719
20610
23095
22154
24266
25428
21731
21736
23470
21939
24699
28565
26978
23294
29691
23217
23059
23546
27110
20752
25156
28160
26545
28106
23928
28460
28405
21753
29327
27636
27852
21969
27480
21563
24809
23320
27743
21136
20766
27116
21112
24078
20410
20468
22404
23263
23685
28320
25087
25467
21760
29386
29447
29160
28642
24250
21919
22475
28670
24060
25811
22793
28951
21246
21422
27530
24986
29453
26590
21659
27169
28504
27091
21247
25618
21611
29985
23884
20906
26299
21987
26239
28633
27522
29282
26189
26516
21333
24776
21984
23688
20106
23752
23706
23222
25818
29103
22956
20596
26162
22905
25111
22694
29385
21945
24764
24313
27646
20993
29065
21641
25434
29128
25502
25138
29114
21199
20423
27438
26018
28658
22066
25406
26694
21402
27201
29344
21859
25029
23639
26479
26434
25951
21768
20326
26614
20188
27087
22306
22369
20351
22245
27061
26966
29299
21483
28357
27179
28281
22591
28118
22676
21988
21487
27209
20768
22855
22339
22896
23158
22228
21818
24577
24629
26538
29474
26324
29718
22516
27530
22078
22339
26640
22423
26886
25026
20531
27331
25523
29046
25789
29626
27998
23943
28908
29660
20017
25283
29310
27684
25280
22297
21318
23762
25659
22977
23913
21540
24760
22708
20502
20473
20138
23998
24615
22675
29551
29068
26424
29958
26999
24094
29298
23814
25041
23778
25219
26112
20890
27570
22827
21086
25130
24334
22084
29858
23553
20570
25137
27140
24560
28377
23789
26075
26874
23289
20208
21190
24871
28801
28965
21373
21757
23999
25330
24448
24024
23016
26834
22439
24132
20214
22589
21949
22235
22987
27547
27197
21871
24854
26978
24220
29050
25117
29795
23491
28909
27774
28043
24785
29209
21618
23853
22522
25358
25480
24491
21972
27327
27428
20721
26779
24896
24412
23662
26013
23948
29310
20537
24666
23238
25629
20288
24891
27990
26218
25902
26578
23950
21257
21442
24939
23141
22534
28317
29626
20425
25538
27105
24640
28228
28275
28355
20766
25286
25851
28255
22624
24108
22881
22765
20531
21024
21538
26896
23331
22118
21677
24161
22115
28147
20900
24938
26311
21621
26610
21444
23019
29628
29206
21347
27656
26687
25368
21658
28998
22957
23074
29475
24514
24453
25481
26399
22526
23569
29061
28984
26187
20193
22506
28481
20511
25941
26842
29283
27773
26649
23889
26998
28485
21160
29789
23882
24835
27644
22620
21455
21001
22227
28346
27595
20073
28535
27274
28129
20445
20911
24014
20980
25477
28533
27537
24336
29020
22423
24319
28956
25929
22436
26828
28742
21097
26715
21609
22995
22746
21807
26109
28414
25685
27673
21031
28807
28127
28139
25490
25747
21224
24018
25539
23937
23985
23057
22728
20953
27453
28183
28286
22178
21142
23069
20227
28261
21554
21964
25251
24227
27364
28941
24628
26497
28314
20236
23452
26484
25209
22199
25607
27212
26534
26514
22598
22419
23165
23826
22973
26015
26393
26666
20530
23416
26062
22680
23662
25285
25017
29542
25304
28514
23224
23664
22744
28908
29967
25828
29265
24941
25340
28208
25034
22228
22864
28909
22969
23888
23543
22086
26405
22857
27903
24025
29294
28397
26650
28108
26418
20509
22453
24515
20609
22814
25065
23733
26359
26536
29498
26432
24331
25693
22302
26144
29288
26316
24114
25325
24740
20586
27612
29805
21203
20162
28744
21475
21395
21613
25701
24067
24918
20919
24467
22369
27000
23249
21987
20840
20759
28907
28002
23706
20077
26216
24411
24877
20682
27380
26679
22726
20303
23922
25240
21718
24902
24158
26088
20143
26842
26338
28872
20815
22656
27610
27640
29480
22548
20736
24097
23896
21176
27629
25777
25089
29374
21205
21796
21089
29499
24787
27039
22649
22847
21356
21561
29864
26196
23320
25724
28428
25957
27131
23209
24315
22629
26112
23371
26099
25309
29123
21661
24831
25843
22338
21788
22401
24899
26336
26173
20692
27683
20935
21845
25428
25353
25783
27383
20633
29246
25560
22780
21850
28991
24849
28166
28903
22270
29210
29213
21829
23564
25824
26753
26876
21552
29150
25625
22949
20008
24524
23120
22739
25012
25326
20510
26926
22087
27416
22088
24298
20487
27930
24930
25402
28248
24155
29137
22454
20874
22266
22709
23598
28563
24951
27409
25361
21707
21601
21974
23128
22106
24685
26854
25843
27784
21139
20292
27762
22598
28178
29025
27067
27934
28815
28109
28410
22698
23530
23480
24049
29537
21044
27732
26146
29775
22953
24272
21003
26885
24101
27573
24530
28512
22993
27502
27094
29998
24301
23888
25037
28206
28577
23420
25614
22989
22636
24724
21879
25103
27783
29040
24140
23582
22027
23321
24998
22623
26747
29747
25697
27890
27878
20678
22540
24831
26640
20882
23473
27036
25062
29516
26570
21002
27099
22771
24127
24746
27040
24370
28351
21630
23056
25175
27217
27495
25247
25023
21945
28736
24357
29650
20806
21310
29425
23025
27444
25824
20099
20777
25769
21843
22062
23509
27619
25338
22087
29747
23844
26802
22604
27041
24259
23975
24340
26282
26971
22352
29600
28726
23019
28690
28044
27357
27956
27575
21450
24293
28034
28775
23880
23705
24995
23611
28909
25395
20111
21825
26130
27594
25098
26560
25027
28842
24777
23977
25481
27826
23964
25754
20672
26999
28977
27252
29944
20455
22322
21511
26320
29067
27707
29361
25793
26204
21301
28959
23249
25493
24375
23822
22944
28031
21857
27034
29830
20204
21176
20743
21690
24856
25794
24258
21061
27930
28274
21124
20201
29895
28423
25400
22009
26303
23070
20021
24704
24597
25398
25615
28336
24996
23365
26434
26760
21651
28763
21160
29554
26596
20679
20262
24555
23042
29758
28309
23197
26464
22546
29188
27603
21639
28410
24535
20548
21285
25048
20826
26797
27277
22463
28596
27108
28560
29391
28006
24208
20821
20674
28602
23455
21737
28809
27529
29548
22191
28021
29669
24668
28241
24586
25249
22717
20811
22859
25274
28968
20096
22481
22846
24336
29474
28565
28895
28757
29392
23349
24117
28699
25086
24707
25055
29703
23310
24250
21157
26037
22277
25283
21354
26038
25933
28823
23282
23521
28349
24063
25601
22750
26572
28229
24023
26920
20537
29576
24656
27803
26839
26446
24070
27314
29065
24776
24056
20077
21174
26193
20506
29793
21967
28941
20058
21175
28082
24299
25171
23544
20154
21819
28182
21774
21774
27782
27534
25246
23706
22585
24859
25664
26474
24430
29894
20185
22854
28636
21286
27165
28080
24195
25293
28003
29642
21759
21093
20067
20439
20153
20959
22494
28741
21722
25919
28760
25944
20352
22667
27368
28387
29821
25503
24729
22684
24322
27831
22383
24923
27421
21382
24061
22877
20531
27715
26778
26927
27031
25813
24147
29800
23591
21588
29399
27389
25957
20007
20222
22969
22488
28186
27456
24929
25063
28283
24931
23761
23638
22333
28301
27523
27688
27239
26560
26232
25047
27071
21163
24715
26250
21552
24116
20348
20373
24143
28239
26791
26587
20494
29913
27349
24172
28200
27057
21899
22556
21777
22821
29485
22122
22557
28537
24580
25954
21820
27857
28841
22512
26874
27647
21691
29271
24052
20265
22484
27785
29601
26079
24207
21346
29335
24768
23652
27425
20536
28855
25858
28433
25124
23135
21215
25974
21358
29285
22096
25742
22461
25743
22139
22475
24479
29173
25358
26979
22394
25297
24172
20122
23069
23707
25110
21929
25947
23360
28484
27411
27602
22928
23633
24622
24208
22871
24477
24577
26782
24210
21054
27118
27676
22306
21515
21616
23193
22646
25565
26454
26434
29648
24773
26664
26531
28767
27340
24785
25269
26839
24946
26039
29762
25512
27099
25271
20337
27861
24051
29728
26063
28844
22814
28736
26469
26122
22026
28600
26902
28945
20528
28637
26730
29311
21381
22154
24094
21396
27753
24405
28319
22384
29603
28070
21201
20257
20445
25659
21426
21840
21559
27363
22115
27460
27016
22372
20133
26957
26608
21432
27184
25431
25357
28499
26974
26157
27667
29780
29728
22353
21371
29115
25246
29147
21942
29715
28298
21988
29961
23611
25681
28020
25553
21789
22527
22466
21977
29975
26564
22965
26789
27306
22934
20960
23085
27701
28928
20759
25213
26651
27514
23663
23034
29367
20892
26705
26336
29742
20490
22967
26302
23418
27775
23165
24102
22410
21056
26282
27596
23198
27063
20379
25904
24967
22476
23389
28189
29766
29851
27713
27348
21772
24384
21741
21549
28529
22845
26001
26507
23081
23647
21648
29270
22250
27536
24158
29883
22957
21624
25732
20751
25447
25644
25717
24805
29554
28190
29585
22614
27741
22433
23460
25490
26532
25371
23036
26340
26178
21996
22798
22491
26923
25936
23941
25091
29073
21124
27079
27764
23217
24807
28922
23200
26416
20842
20472
20076
29962
23625
27941
24305
24365
27225
26608
27983
27672
21347
22160
26599
23887
25598
23620
20099
29328
26194
26972
26183
26067
24715
28771
24896
23258
26834
24629
21983
29132
20016
28313
24744
28691
23121
23378
28227
24735
27572
20757
21430
22772
29270
22527
22938
23522
22822
24205
22878
20326
24795
25339
23437
22536
20682
20919
23300
20163
21081
24185
22319
29495
26160
24780
21495
24201
23929
24862
29891
21472
27046
29817
24540
28222
24930
29483
21537
28027
22810
20446
26579
25521
27018
29873
20993
21333
26276
26615
24951
27252
22061
25862
23012
28318
27206
29484
28382
25766
20826
25407
21383
22383
29374
25833
24457
29708
28188
25945
20794
24718
25236
21845
26114
22193
28920
28901
23512
27766
24808
29439
29375
25819
21921
21755
24344
25869
27835
20803
27044
20826
23239
24590
29882
20636
20871
29308
25604
25185
20728
20534
20479
21076
23362
27455
25023
27907
25703
22003
25952
21023
29332
25022
23725
29351
29439
27168
28483
28910
23777
23078
23414
24841
24861
23559
28696
27416
25374
22024
21016
20357
26291
28209
23381
23032
29592
24330
27437
21608
22581
26270
25845
28082
28824
25125
25379
20264
21510
22500
22377
20243
28625
26311
20933
23647
25772
22540
20777
27099
21670
22362
26183
26657
23428
23403
29458
25765
23532
28471
22537
27232
28153
25069
28074
20130
26867
24208
27022
29127
27148
27626
23158
20745
23136
28365
26265
28306
27057
20853
24752
24912
23432
23130
25384
21724
20740
25657
22492
26988
22543
28273
21521
29806
20270
29297
22142
21478
22830
28504
24237
26393
23979
28788
26043
23914
27041
29656
27508
22459
27923
29415
23448
27102
21646
21878
20527
22381
24623
27756
29233
22742
24800
20476
27064
24053
24405
21144
21955
20976
25549
27589
25591
26626
27229
27972
24732
22905
23350
20356
24906
22185
25326
25754
24916
23604
29544
23727
22485
20117
29510
26362
21054
25684
24851
28605
25285
25492
24519
20355
28091
25933
29512
28458
25223
25232
21226
24800
24307
20076
25159
20084
24064
28349
26079
21518
25958
23202
20039
26688
24935
29059
20620
25151
28102
25882
21668
23926
20203
24048
26437
22984
22581
28526
23537
22092
27933
27683
23390
20910
26638
29026
24957
20110
21661
21457
21480
22484
28150
21199
25652
29483
20697
26458
29198
20445
25943
24101
29208
28885
20708
20149
23709
22656
26178
24725
21958
22537
26770
21250
20726
26842
28279
29137
26431
28046
23660
29011
24428
21067
26369
29581
20947
21870
20571
25662
20260
29349
24717
27599
29467
23062
20017
23332
25985
24331
28141
25700
28301
28469
23119
29229
28823
21424
20869
22614
28778
25050
26024
25362
29041
21334
29820
29684
27460
27465
24673
21597
22838
20385
20788
28416
28038
21613
27641
23349
29882
20558
28500
21743
21471
27271
29287
27672
23342
23656
24033
24029
23502
25515
27928
24061
22776
26507
25558
27360
21133
29062
26275
28747
22724
26625
20893
24164
22169
26221
23847
23767
22354
20237
22841
28683
24429
21606
23596
24610
24016
27093
20782
22357
23731
29275
27471
22716
21050
28979
24514
20643
22244
26456
28144
21626
27713
21331
28793
21319
21317
28541
26619
28072
26560
29879
29574
26800
25378
28484
27966
21789
21139
26734
25416
25522
26017
26294
29890
20344
24356
22821
20024
29914
27840
26769
21377
27765
25348
26083
24423
21011
20205
26151
21124
28275
20231
27366
29715
22242
21441
20840
28005
28894
24565
28401
23918
27435
24644
23870
28271
27223
27885
28789
28851
20567
26667
27267
26740
23185
23165
21418
25544
27317
24382
20991
21674
26011
26547
28211
29156
20943
24845
21603
25598
20276
25197
20630
26862
27537
28437
26329
26765
27251
23643
21841
24709
28178
26602
20684
28506
20377
21436
29965
21890
28051
28274
20321
26185
26150
27496
24315
23441
25036
21602
20269
23992
24186
28986
29050
24808
22836
20065
27223
26299
22791
25071
21140
24293
26168
24586
23046
20795
28782
28413
22077
21823
28055
25745
20159
23145
22890
29752
25232
25045
21770
22690
21974
25386
24498
23422
23273
26205
22455
27850
24025
22787
22031
24164
22566
25801
25968
29056
23991
26407
27766
28072
23968
21479
24990
23153
21236
21077
28372
23036
21922
23146
24928
27734
29064
21019
24942
26529
26273
27789
24666
20075
25332
27847
28836
21092
23728
29961
29690
24873
29594
28166
22102
20359
28348
26420
27624
24904
27436
20497
23773
20993
23016
25903
28738
21192
25171
23756
25827
28360
26278
27488
26435
21786
20556
22011
25101
26314
21470
23554
25287
20757
27686
22751
29947
23932
27555
25788
26632
21514
26748
28380
22919
24556
23577
25228
24297
21031
21783
23177
23277
24989
21148
29816
25462
24103
22124
20440
25604
25204
21883
25443
24222
29219
25678
27041
23319
21406
29192
28948
27875
20158
24713
25125
28379
27817
26351
24064
28478
29910
27315
23168
20952
25009
25263
23780
24722
26025
20175
21134
25361
25164
22815
25096
21638
28990
20883
26948
21081
27098
24263
24644
28200
27735
20368
24013
20078
26394
25539
26160
25354
28865
28682
22001
24282
28519
28907
23275
29506
28736
29760
25647
29477
25248
28879
23612
29014
29954
23339
28755
24411
27267
27805
22649
23728
26417
24699
23173
26393
28305
23046
28346
20108
23487
25376
24932
27193
28629
20154
29987
26961
22413
20533
22299
25504
28277
28965
27245
29340
20580
21131
22958
24788
22866
22023
27914
20644
21711
21581
20045
27761
27331
27246
25308
25452
22606
26030
29279
21335
25443
29250
28793
28134
25532
28954
21891
28290
25461
26247
23432
24781
27853
28211
20598
24467
24779
21928
27217
28491
23014
21232
28343
22779
28891
24244
26865
20543
29471
27497
22018
27812
22559
25503
25662
22509
26675
22984
25914
27333
23519
20697
29317
26840
29707
24724
22106
29460
21567
23468
28316
25956
26669
26155
27515
26812
28405
21628
27742
22397
25431
26419
29866
21412
26066
26660
28054
25052
28834
29283
27265
26639
24292
24090
22777
29026
29953
29828
28633
25009
29715
24163
21598
29167
21522
29589
24710
23092
22170
24738
29848
29809
26121
23299
21871
27330
26028
20800
27822
25749
26223
22904
23460
27068
26872
27515
25944
22020
25716
27015
25894
23571
26371
26244
24232
22479
26979
26455
29238
26325
20722
25419
27048
29764
20136
29076
24497
20402
20491
20713
26610
21649
23580
29497
22344
21196
22210
21389
21237
21343
27363
21937
20503
25294
24596
22282
26815
21769
23562
26803
29533
28791
24712
23283
22443
26357
20222
24195
29218
26831
21965
20785
23756
21402
27976
29999
20306
20662
20246
27962
29881
27518
20934
22726
28811
20994
21103
23327
22524
20223
25965
21758
22618
28953
23271
29470
28140
22206
26949
20179
22599
28417
26428
26388
26691
22305
23118
27837
22993
26024
29519
26326
22937
28738
23077
22815
28247
27634
26505
29541
28769
26631
28615
21971
26066
22553
24877
22905
27533
22372
24899
23704
28888
29284
24813
25758
23840
29838
26163
28620
28521
29112
29293
29930
24823
26033
28477
26264
21151
26306
28056
23332
21340
26176
23722
28562
22463
26223
20733
29060
20074
20770
21344
23166
25103
25108
27008
24386
20021
29708
27016
22342
23188
27884
24171
26585
29344
20934
29789
25577
21113
22705
24899
24993
21061
23723
21840
26570
26374
23582
20624
21214
28551
29089
27428
27761
28619
24847
28344
21896
24349
22389
20144
28074
29687
23773
21217
20977
28214
25642
20067
22031
21817
20110
25804
20829
22934
29616
24922
20900
23799
23845
21297
24212
28860
28206
21850
29050
27258
24971
28594
21437
20631
20163
28877
21165
27819
21550
29576
29673
22084
25689
27700
28490
28368
24861
29420
23800
27798
27961
21880
24768
24143
22924
27323
20723
22285
22104
27046
25035
21873
26187
23466
21561
20271
26663
22218
22938
27708
21669
22589
28636
24063
25110
23841
24736
21141
24339
27012
26651
26472
27425
26634
20651
24675
27029
24470
20002
20272
24284
27868
26729
21441
22669
28596
20615
27668
28909
24149
22885
25510
25125
22417
23229
25750
24105
22337
25285
22112
27445
27710
27546
26409
24520
28679
23734
27493
28779
25571
29150
21701
26685
22768
27232
20647
23787
26042
23617
28117
21856
25437
23369
21629
20806
27156
20730
25753
29206
22166
29712
23696
27575
26251
28208
20847
29400
26131
27856
28985
25795
28893
26873
22666
21099
27480
23300
29973
28335
23281
21649
28210
25427
27941
26818
21428
25348
20461
25336
20719
25942
22361
25472
20089
28102
23222
24549
20457
24147
21292
23957
21792
21813
29004
29740
28747
23087
21199
29419
28287
21260
24698
23737
28734
24063
21417
25421
28443
25485
23660
25681
28856
24009
29451
23222
21102
20355
27807
29804
27494
23566
28703
21027
29273
20283
20147
20947
29788
28393
25264
24373
27928
22891
25586
21238
20076
28755
22830
23330
20096
22908
20375
24836
25961
24931
27382
24647
28501
24094
23030
20171
22449
28474
25700
29551
22466
20473
22105
21573
27169
21863
24341
20325
22298
20664
28637
24722
20119
21591
28154
21352
25906
21613
23642
22827
23944
22229
29958
22776
24846
20491
23499
22942
23198
21491
25473
27460
29550
26071
28572
24339
23585
28860
20103
24381
25947
23357
22934
23360
24643
22798
26681
24150
28204
27759
25531
21640
21853
24086
25768
24811
24823
27608
25648
27137
26652
25330
22620
28574
27812
26294
28021
29874
25322
29178
27413
22664
27162
27811
25449
26808
20229
20275
27830
29940
25346
22018
29262
22731
29402
28512
25617
27443
29090
28376
20487
26641
22910
23592
21206
23551
28105
29484
27076
25468
27026
23461
23003
26891
23052
28166
25039
29589
29655
21644
20451
22685
27425
24430
23826
27040
22993
21014
22461
24679
20608
21073
28837
25840
21904
24053
25317
23335
21813
29218
26377
26333
28985
22119
26658
23440
27142
27582
28931
27981
29797
28784
24633
26795
24484
21758
21106
27495
24242
24757
23836
28161
23485
22301
29085
27750
22556
24455
22122
25103
20316
22907
28950
29368
26902
26740
24899
24923
29455
22474
21726
29401
22034
24875
26009
24326
27226
27339
25491
24026
21008
23233
26790
29991
24308
22468
27419
24659
24425
20802
27421
20711
26948
22901
21081
29411
24172
24010
27159
24261
29103
29237
26888
24289
25142
23938
22565
24672
20234
23438
26002
21072
20913
25427
25315
28052
25985
23763
20576
21256
21855
28143
23710
27642
21465
20096
25677
28004
26652
22129
24472
21255
29374
23475
20740
20494
20698
22878
23944
26767
27678
26104
20905
27593
27371
23480
20280
23829
24080
20638
21088
20270
20632
23872
20733
22455
27005
20031
28144
24653
29943
29723
20649
21656
25320
21730
28957
20156
20981
26021
23256
23780
21529
22519
24832
29578
28114
22861
21859
22734
25655
22783
25023
20600
27127
23510
28540
26730
29550
21496
24748
20584
29162
27267
25961
28740
23844
25711
25560
29095
29369
22159
21380
20314
22272
20857
28404
25057
26213
25025
24467
26926
20603
20607
22229
27955
29950
29003
23043
25515
29893
27634
23490
25005
21219
20992
