33324
37381
36290
39021
34411
38691
33243
34090
33774
32100
32121
32631
30344
31607
33609
32587
34188
30634
35490
33214
39079
37986
34104
39512
34075
38276
38096
39545
37471
33867
39591
39309
36975
30619
33528
36387
33208
30275
39386
30658
39784
38199
30730
37555
32099
36366
37132
36982
38709
37979
39888
38886
33719
31921
37626
34698
35942
32340
30457
32391
30766
31121
31595
31722
33657
38736
33546
35387
39976
32005
31883
31292
34443
35694
33404
30887
34961
38540
37035
38635
39752
33298
35220
38056
33806
34700
30748
30522
30483
38847
38969
33996
36788
32481
38170
30242
36303
30828
31533
30681
32066
38260
32520
33054
32786
36891
31816
33294
39683
34414
38010
39625
38002
33963
36091
38790
36753
35608
37539
37528
32628
31194
33287
35952
39160
31680
36147
33306
30210
38877
32470
30736
37643
31519
33689
30171
36650
39016
37219
33194
38601
34860
32720
38850
30542
35706
34129
34765
32478
31414
30061
31640
38451
35984
35187
37222
35084
39234
33027
32193
31730
34319
36219
37058
39686
36747
33783
36085
33985
36410
36154
31620
30249
35351
37821
39697
30786
30441
34324
35749
38644
32001
35015
37450
35729
36471
35533
30242
31208
33696
34253
39936
39445
37125
35106
35919
32479
38280
35101
37986
30658
35229
38669
39566
36483
38464
32490
30203
30905
36584
33864
30573
38404
38504
32895
34008
36997
38512
33735
39530
31998
35424
32990
32744
37850
37364
34014
32584
30604
39210
34244
33859
34764
30639
39031
37844
32097
38897
39448
35724
36764
31878
33473
32619
30645
33945
39637
33117
35106
39007
39716
32781
30608
32831
32398
33913
33537
39283
32968
38042
30439
33271
35019
32020
33424
36515
38935
39437
36943
30974
38486
34102
35352
38715
31249
37791
32733
36364
30769
30120
31281
36854
38374
34477
32243
31154
30405
30245
33874
37874
32225
38234
34149
39220
33838
33163
32102
37637
33221
34351
30551
38657
32492
33328
34713
31957
39004
34998
35756
34457
38061
37194
35672
36390
36543
31989
30035
33707
36989
30963
38188
37947
39858
35779
36182
37725
37618
34894
36405
34387
38083
36972
39245
38053
35974
31710
36376
39256
31097
39128
32269
35711
38677
39137
30418
33342
32458
34179
33409
35645
33947
39125
31446
35707
31850
34208
32261
30751
34182
38778
36389
39949
31786
35915
35767
32427
36087
30538
30291
33882
35777
36534
36538
37038
36824
31664
35200
33274
37716
32506
38951
30220
37172
35546
30438
32817
34677
34686
30880
33439
35159
39877
33372
30002
37877
36381
31393
39711
36158
39251
32258
30043
39020
33003
37283
37907
37904
32196
35295
32532
31741
34626
33781
37545
31430
35206
32457
32982
30395
35245
37299
38497
31385
38793
39234
34922
30898
35011
30552
32513
31711
33103
33859
30703
30863
34242
32925
35984
35161
33149
32137
31692
38746
30499
31419
35850
37635
36173
36479
31011
34234
32510
30033
33082
30802
36204
38226
34474
34598
37234
37946
30627
38992
33328
34887
37910
34247
38853
39327
35263
38836
37727
36375
31512
37196
30992
30153
35246
32624
31015
36851
34395
34679
35931
39854
38183
38861
39913
31280
35015
32647
37126
38169
36041
35997
39806
38284
35616
36351
33813
30040
36702
37815
38213
33421
31369
31768
38978
33913
33978
31431
30715
39466
37377
36063
34505
31278
30510
31419
34382
32808
39187
31848
39765
37826
30452
35995
36232
37566
34999
32432
32451
39046
31357
33776
36761
31517
30219
37820
32948
35635
37193
32065
31093
30446
37525
33653
36013
36565
36877
30142
32778
30017
38114
37851
36076
30154
35269
33551
37776
36759
32285
32163
34928
36002
36019
37848
38683
32285
30032
38348
33105
33133
38192
32783
31716
37328
34805
31235
38742
32207
31082
30404
31508
34709
36104
33367
30194
32137
34127
33059
31255
32828
39073
38469
31215
33987
31345
39752
38246
33785
31750
33453
39976
37469
32198
31866
37315
32740
33152
31208
35715
37927
33302
31690
37267
37594
37842
38877
39312
34130
37898
39758
37797
30610
35151
38866
36572
39742
32497
39458
36957
36075
33725
32301
35510
33819
32606
39898
31706
30586
34542
37167
31422
38172
31966
30492
36576
35088
38086
35847
36035
31972
32196
33266
38005
30247
33827
39300
39523
36417
32273
31333
34358
39262
32673
37588
36682
34843
39753
34534
34197
34726
35566
38992
31046
36107
38150
35712
37821
38630
33870
32443
33236
31613
37390
33598
39626
37114
39743
30484
32341
38815
36744
30789
31316
34063
37119
32500
31600
36556
32168
37782
38513
30159
36500
30437
32191
30107
32456
36562
35796
36480
39197
31740
31408
36227
31114
39698
37715
34253
39204
36736
34022
31133
33389
33438
35813
34860
33343
30181
38106
36698
30341
35776
34207
36704
32880
39218
39113
32754
34396
32966
38745
38030
32237
32438
38516
35833
33275
30458
37301
37305
32993
37314
35764
37211
31727
36740
31240
35256
33829
35691
34877
35598
32975
31052
30578
35181
39573
39598
39448
32330
34282
38458
37900
30610
35023
32074
32353
39414
33563
38250
38556
31940
31702
30259
38945
33272
36457
34153
37182
36135
38211
30470
35034
39547
35750
37320
33084
36095
37347
37479
33439
36813
37605
35583
39526
38794
35653
32732
35393
39538
31465
34946
34457
33791
33547
38731
35604
33170
33085
31785
32716
36213
36721
39303
32242
36669
32583
36745
32263
30813
31948
37988
35663
30365
31924
33797
39460
36206
32981
39263
32144
39474
38765
30444
30954
30883
34693
39845
31418
36129
36068
37541
32199
35099
36136
39781
39315
35284
39385
39718
35145
35250
35666
35562
39266
32336
36249
39870
30148
39830
33818
39989
38999
32813
34567
33698
39636
38567
32078
36010
31181
36992
39441
32779
33556
38851
38227
34263
39317
34784
30323
37135
39168
36051
31414
36541
32684
38749
32925
30782
30195
36812
32629
39922
36595
35588
32792
36237
32896
36948
38730
38768
36780
38963
39955
36454
39078
38032
30702
34341
39169
38996
36579
35167
38598
39268
39297
34255
38876
36298
32019
39128
36398
33769
33731
36476
34663
30891
32197
38197
31600
30823
31598
35130
37677
38852
32713
31773
38704
38266
30659
37804
35750
32056
37610
32542
33440
31546
35682
36606
37052
38843
38203
31016
38290
38597
35987
37679
39382
35992
38880
36840
35248
32106
31864
36416
33886
34817
39302
35345
35822
33295
30527
38097
34502
36776
34908
30315
30857
33803
34775
36165
36900
36404
30138
36465
35183
34774
30006
32884
33231
31961
31290
37584
34644
34762
37772
39592
31452
36611
38430
38828
35552
30537
36519
36286
30532
35512
38259
34147
39087
37410
32690
32752
35316
36652
32361
32312
35704
38172
37840
35985
37347
35785
37740
37526
37062
32242
39950
31106
30429
38323
39059
33083
35539
39141
39576
35520
32217
33537
34502
39078
33855
32878
34021
38529
35630
38907
39669
37606
39840
36357
35181
31129
36373
34987
36413
31467
33909
37409
39229
33229
35358
33626
36041
34824
39249
30545
38814
37998
37307
34905
38793
36803
37292
31032
30919
35585
39339
30630
34004
31510
33481
30401
36057
30929
35816
34746
37874
30441
30894
34974
36968
32891
38246
33519
38253
35766
31753
31531
37474
34424
31528
30824
38358
35449
39351
36700
34656
36025
30332
36417
33834
33704
35453
39186
30032
37176
31898
37517
30078
32737
30693
36424
37876
33020
34046
36569
39230
34277
38021
39782
31365
35979
39686
30524
38759
31849
31722
34890
39706
34558
31619
39494
36046
37282
37067
36211
31900
34051
33910
35147
35883
37423
38114
37458
35330
36377
38633
31661
30302
39528
33713
31941
39817
38775
39271
34625
32652
36315
34249
39471
30310
33586
34560
35713
30323
34157
34158
38901
33885
33842
39065
33496
33056
30378
37765
37914
39206
31899
39284
33234
36228
38145
38473
34164
39123
30825
36559
31008
31042
39919
33844
34360
39555
30787
30593
30042
36030
32954
31622
30409
30337
35153
39854
39559
36784
32809
34218
34206
36193
33533
37656
39034
33328
33357
31712
35180
38489
31504
35217
33184
37051
34264
35906
37199
30939
39211
35465
35561
31604
39419
30463
33927
34930
33616
33897
31079
34685
32283
34677
34249
32619
31575
35266
30350
30123
36648
30909
31845
38480
33507
37407
31161
32172
33760
38235
35536
32450
39860
35957
34957
36433
39311
37329
39491
30358
35109
36296
38672
34318
36249
34141
34897
39773
36506
31467
34765
30466
31906
32395
37200
31968
37320
37386
34816
35029
30402
37448
35511
33134
36781
39113
34518
35242
33809
36556
33285
30532
31465
34492
30442
33189
38064
33074
31869
31726
35334
33928
31396
39176
32076
34645
31027
37579
38176
37614
39761
32640
31040
37896
33034
32169
34651
33972
30627
34981
37411
34708
39454
35281
38684
35614
39103
31265
35518
37570
32188
35655
30429
31613
38639
30179
38305
34071
32908
35643
35523
37356
35715
34174
37162
33079
37469
30436
38866
35792
38753
34207
38330
37619
34404
37544
37650
36337
31596
35984
31863
32013
39102
34665
30861
30257
34412
37133
31601
33314
37776
36634
34983
33784
37372
37211
37162
39564
37812
34593
38131
32781
34951
34966
31401
39932
33612
33071
37341
35232
31210
39759
39331
34255
39527
33110
36239
30348
38904
36571
36973
32030
33979
32125
32816
35580
37771
36504
31120
33397
31377
33646
39543
35326
39852
37185
33475
37140
30934
32619
30542
37620
32200
39994
35167
33268
33972
34416
33048
37604
39812
33533
30092
30187
33830
38232
32886
39045
34162
35236
38075
39023
34976
38022
36183
37719
35159
35550
31325
30132
30407
36649
32056
32929
36906
31593
30151
39323
38970
31403
33486
35950
30091
39700
36432
33851
36670
31561
36118
36695
36379
38781
35804
30702
38599
31140
37204
32390
32637
38896
32043
32227
30560
32523
39424
34543
35372
31965
39622
36647
32013
39109
36806
32999
38195
34028
32927
33480
34417
37656
32466
38370
37707
30963
33092
36421
31597
33485
30414
36629
35616
32086
35940
38719
31220
34204
36130
32157
37466
38540
37006
38593
38984
30108
33147
38028
30823
35886
32118
34716
39630
31944
35374
34835
38253
32817
34511
34314
31365
39180
37372
31820
32974
30401
31950
38917
32814
34448
37317
36631
37501
38773
39840
35304
34084
32337
39879
32461
38160
30689
38805
31671
36061
33188
38738
33884
30813
33850
37695
31576
34522
35056
30966
35169
35641
36424
35526
30687
38183
39507
38000
37345
31348
32660
38299
33881
32269
39418
30436
32840
31626
38031
39195
32723
31713
39428
36371
38945
39241
35796
33114
35880
30591
32226
35511
33928
35587
39420
39045
37493
36884
36323
33780
32050
36062
37741
36219
31048
34178
33474
35657
36311
34116
32322
32556
38806
34399
36430
33964
30181
39320
38880
36352
39294
38186
30160
39329
32129
37318
37227
34701
37934
31997
32225
34054
39222
31997
36615
34622
38319
33566
30461
37621
38599
32745
35923
35365
34199
39794
38637
33550
38094
32131
30577
32879
34693
33686
33251
39840
39809
31870
30637
39916
37792
39432
37128
37730
32916
37427
36947
37746
39662
37236
37981
35987
34486
34095
34779
37958
39818
31995
32611
30465
39631
39920
36871
35328
34680
32425
39894
31153
34741
33305
30283
35231
34567
39736
38229
31442
30120
35664
33980
31566
31667
37469
35610
36832
30792
31956
36555
33683
39010
36576
32982
32814
36784
34470
36013
33273
32998
32366
34051
34146
36660
37702
36021
34710
34522
32402
37205
30255
30607
34678
35541
34821
36211
36959
37720
33986
31850
37569
31271
30548
35838
36147
30899
33432
37696
37968
34787
35499
38448
30289
39331
39063
33994
34653
38817
38842
32222
32669
39911
30888
39292
39214
39556
32537
35623
36240
38797
32875
37488
32374
34436
35371
35877
38407
34971
34347
30265
36374
37261
34783
31306
30468
35558
30594
33090
31257
35131
39940
32572
30835
38574
37421
31080
35417
34055
32057
30352
33622
31269
36854
33506
33254
32682
30433
39502
36703
34719
33742
38244
35293
36055
35164
32237
35854
37841
35468
39944
38612
33803
30038
35367
34063
36495
39506
38224
37942
39684
31564
39135
37619
35824
36047
34654
30273
31901
32625
37684
33088
36521
35422
39848
38340
36095
31722
33712
31759
38153
32541
34431
30814
35435
31298
32324
30682
35240
33087
30177
39582
34715
31105
31655
31884
34234
38686
30110
36929
37877
35102
30273
33874
32060
30770
38856
38012
30875
32854
33922
32034
39396
35378
37028
36447
34278
38905
36626
37002
34346
33607
35945
33382
32554
36117
33717
32638
34677
34946
31463
32892
39426
31432
36797
37691
39272
33216
38216
39058
31217
35046
33198
37754
31978
37349
38051
32578
32617
36471
34965
36614
33510
31722
38942
37259
31755
33455
34906
38603
39559
33285
33184
39248
34021
32243
39746
36044
35790
35197
36146
34344
36531
30151
32924
38395
32886
39211
39376
31250
37653
33932
32081
32199
37291
31515
34342
31123
38523
39915
38759
33433
35836
39281
35611
36249
35939
34380
30369
36368
34897
37621
34739
33226
38572
35163
36955
35521
37251
39198
38670
38481
30893
37951
37804
39835
32304
31210
38933
36493
31730
33258
35427
30647
37839
36973
30425
33550
36886
32550
36961
37585
33968
31828
31067
32417
37706
34494
35529
38964
32431
35609
36122
35753
30027
34817
36592
35804
36920
36380
33471
38619
30421
35740
36841
31058
32591
32692
38628
32957
39136
33474
35657
38163
35420
34056
30782
39360
31660
34748
31689
35503
34574
31895
33667
34006
33321
35846
39578
35897
33465
35667
37533
31100
33826
30132
34383
32707
37635
31405
31022
33671
31165
32539
33721
36669
30157
32401
34225
38089
36793
31997
30193
30048
37695
34250
36719
30137
36498
35283
39105
37222
32910
38988
36871
33002
33868
38250
39044
33294
31352
35553
31188
30032
35787
32944
35336
34827
33520
36282
35022
37608
31847
31556
38936
39321
35248
31693
38397
35990
32119
30697
35770
32510
32077
38254
33264
38481
30175
31977
34097
35109
35786
36383
30965
31761
30786
37358
39899
33077
33734
38402
31194
32752
34210
30259
32860
38038
34196
38661
36252
39851
31475
35889
37966
36923
33330
30576
36874
38896
37586
36791
30261
32464
31962
37793
38426
36708
32054
32061
32807
38629
32853
39212
38757
37561
38677
31232
30375
37591
31587
30095
31500
30443
38967
36286
33919
37356
36773
33986
31098
37435
36165
37789
33365
31627
37717
32665
38359
36092
39224
33603
38753
36019
30209
33875
37828
31149
38707
31173
32271
37230
33620
39029
30747
33418
38993
36844
36234
34252
34954
35642
39920
36228
33708
38211
34516
33247
38011
31704
35245
32249
33803
37948
37512
30168
38357
31725
31223
36069
30187
30123
33139
37740
37226
36674
30218
30356
35332
32450
38932
35900
30050
32547
37770
35970
30755
30468
32763
37295
37758
34778
38737
38873
39811
32128
32236
31938
31527
38235
35569
39187
37687
33745
35280
37630
34133
35013
32486
30252
33026
30818
36993
35248
33577
34759
31869
38039
38097
39668
30267
30487
37145
34754
31636
33761
36913
38392
30245
36187
36567
39477
34901
35048
33220
38096
35128
31811
37441
31882
35702
33517
32770
37895
38396
39204
38579
31104
37092
39116
36787
39637
39963
36221
39453
33835
30372
34060
36054
30856
36314
32328
36392
39085
36767
31746
37508
36904
32162
32774
30693
38561
35320
38468
37793
35755
38663
30448
34327
37389
33313
38301
30652
31449
35728
37007
31383
32399
37983
34007
37593
34656
38468
37384
35930
37716
30833
39296
33734
31344
30323
34279
39451
39862
38328
30323
33245
33006
37896
31737
33518
37115
35264
36738
31298
34448
35046
39398
35873
30340
39589
35173
31940
37596
36272
31545
30571
35019
39985
30497
33805
32313
31930
37533
35364
36716
39978
32695
38079
37686
30318
32709
31973
34692
34887
39726
35623
39776
34174
31422
37425
30899
30378
39213
32689
34297
31620
36225
37113
34091
33933
34307
37115
35203
34096
39868
32741
31262
33010
31588
39439
32663
36319
39192
30829
31146
36187
31347
35829
36398
35811
32516
39927
37008
36078
33103
32255
32851
32030
34619
37210
38445
35317
31709
31798
37181
37644
35930
37627
34434
39385
31889
39542
33540
36990
35011
31243
32341
32585
31579
31927
39625
39259
35952
36970
30125
35937
36890
30004
33969
36430
34758
33319
31469
38303
34080
38493
36960
38523
31354
39369
36048
34510
36363
35064
39049
31172
36294
31584
39681
36773
35916
36747
32141
33092
33776
34677
31573
38205
33929
32893
32633
33455
35067
37147
38391
39697
34062
36603
37078
31725
38952
34693
37393
33970
37147
39027
33958
34989
38278
37134
33333
33069
37490
33452
37531
30324
34232
37021
36376
38107
33637
38602
32245
32232
32423
30598
30742
32540
38932
33053
38671
37700
37387
34276
36315
32752
39743
35178
34466
33895
34616
32281
37934
32264
31687
35545
36302
36068
31701
33649
39600
38328
36727
31170
31276
35675
32707
39222
33318
32215
36466
33550
38749
31270
32362
31817
34807
36979
39514
34880
36106
37211
39184
35223
30805
38984
33269
39379
34409
37712
39128
30205
35190
31983
32961
39129
32421
36274
33866
38160
33644
35051
33313
36344
39970
33049
30296
35607
39098
38134
30679
36492
34145
35170
30387
35157
32664
31537
35990
39166
34285
37576
32952
31148
37303
38106
31386
36137
34246
34387
31466
30593
33936
39425
35864
38488
32920
33358
34511
32606
32239
39791
37803
37258
36485
38453
37967
31982
30841
34269
34716
34489
38360
38082
30545
35081
34155
39618
33085
34117
35337
39031
36751
38688
35563
39367
33617
34597
30882
38638
33907
35014
39190
36842
39795
37687
39062
30235
32310
38497
34986
32420
30048
30309
35090
39421
30135
32566
34350
33814
36416
38889
30955
31174
37198
37045
36012
30662
35052
38106
37117
30369
34151
39339
34411
37226
36401
38442
33747
30723
36247
35092
35288
39472
35435
39476
37484
39717
33245
36454
35725
35335
34762
38305
32182
39523
39574
38647
38350
39454
35994
35033
34635
36486
31353
37976
31948
36159
37198
39723
38747
34199
39370
36951
33183
37006
36797
37740
34124
37694
39618
34698
36681
31652
36767
32882
37574
38816
35492
33304
33187
33351
30488
30237
38474
35294
38249
33272
38021
32860
33087
33152
31504
38557
34830
33749
34569
37057
34644
31260
32696
37841
34655
35686
30028
31042
39088
38943
37311
30618
39471
38603
33137
35025
34163
36177
30474
31883
32885
34106
36111
39781
30290
36157
34097
37349
38650
31845
35518
36963
38693
36612
36013
38079
39341
36054
39318
33064
31634
34243
39845
36603
39489
33351
39784
38321
30104
34176
36551
37046
39795
34954
34550
34337
36840
38857
31141
34324
31527
38983
30492
36722
34991
33301
30538
39928
32681
31013
37683
31542
35313
36112
31055
34353
30038
33528
33143
36854
37223
38174
36474
38696
33687
37466
36608
33130
31580
33447
30190
30469
33141
31490
33050
38846
35529
38770
37414
31170
36630
37169
39177
30042
32275
32083
35893
35645
37688
30731
33624
35119
31123
30993
36139
35776
35621
34539
33079
38682
35653
36086
34633
33548
38961
33969
39067
30711
30365
35910
35987
31018
33522
37850
32610
39849
38655
33032
32537
37243
39137
33121
36493
32087
37470
33095
32348
34684
31690
36883
37373
38661
36499
31274
39098
30146
39554
31501
32443
39414
32243
33068
39830
37780
36008
30920
37885
30446
39821
38809
39040
34188
31767
38870
38836
37318
37864
33841
30079
38182
34207
32100
33099
37612
34347
38746
37351
30211
32387
34337
33317
39123
33708
36560
35272
39026
39480
39111
34841
32494
38112
36376
32480
35592
36708
32111
39025
39556
38204
35253
32266
36814
35380
36252
34158
31181
31211
32848
32697
34090
36136
35102
38779
30936
36732
35678
32420
34254
37009
32835
34586
33311
33090
30438
30614
32924
34388
31382
38673
37836
39562
38272
32071
32822
33498
37938
37326
32850
32381
34428
30879
32074
37495
38487
36086
35227
34828
30202
38685
30056
36773
35516
33337
34846
34275
36582
36023
30808
32590
30577
37106
35089
31546
31518
37662
36565
31612
34860
37344
33159
30424
35220
35480
36438
30480
33447
38372
36508
37668
30407
34811
37783
31991
31405
38757
34164
36397
36907
32766
30306
37013
32388
38320
34243
38175
32549
39488
35431
38715
32899
34508
31438
31668
34726
35824
35983
38233
37900
32860
30774
38209
39575
33395
33714
33350
35907
38796
36418
37138
38165
35531
34715
34323
34257
30446
36826
36246
31624
30051
35252
33426
37688
34753
30036
35205
39602
37373
33074
37335
35923
31578
35365
32305
39004
39916
31718
33944
38401
33022
30333
37371
32389
31281
37855
37715
36821
37710
34074
36201
37958
36187
34225
30168
38682
32245
31047
34382
35543
34631
33185
34609
37451
34571
31311
30830
35519
36257
38422
36700
37560
36468
36180
33913
30033
33409
34864
34967
34862
34902
30529
35500
38485
33837
39326
37854
35731
34463
35541
30793
31670
36542
36936
36426
30472
35611
38192
34295
31479
36737
30877
34311
39180
35961
36260
34762
35602
38387
35482
38994
30747
34334
30146
34486
39119
35323
35223
31066
38155
39795
35291
30776
37409
34392
34638
30512
35724
30415
31489
39970
37289
36628
36725
31667
36495
38967
37877
36844
35793
34915
39848
30912
30386
35303
34896
34759
38509
39128
35697
33737
36309
37619
37003
34407
31882
32210
33332
30258
33895
37353
32437
31500
36409
33187
36863
30790
33004
34925
38818
36257
30124
35574
36790
35585
31670
36055
35866
30040
34303
32163
37553
35333
35665
30893
39041
36993
35789
39664
36328
31520
35319
30664
30381
31026
32864
39177
30610
38261
37790
39084
35334
31015
34071
30972
34613
39692
35423
38251
36870
39545
31905
34549
37040
39535
33375
31244
30661
33064
35791
37466
35251
31934
32172
36167
37626
33803
31254
38896
33374
35155
33347
38846
32616
36292
34703
36399
34394
32274
38848
33922
30544
33848
35738
36892
38766
35420
37352
36555
33734
32875
31399
35273
34576
32713
33170
39475
36792
35322
39264
36699
36815
39472
35896
32598
37774
32166
38817
30977
35770
37796
31475
34941
36957
33259
33001
30055
37111
31141
37834
31054
36980
31389
34354
32083
38675
32964
30767
36709
30670
30923
32670
38027
31514
31066
38213
31054
35317
33864
33573
39307
35231
31705
33606
34978
34708
38683
39929
37435
30149
30113
31462
37899
32690
39780
30517
39137
31354
36487
30853
37707
34571
37922
32857
32928
32140
39080
34945
31090
35129
34504
39625
35621
36908
38483
37266
33970
34535
34997
30553
39739
36058
39691
37850
34270
35961
39425
34248
35322
37895
31083
34948
31741
31183
30225
36821
32087
35110
31878
30442
32084
32949
30343
36762
30434
35870
32202
39647
35078
35414
36917
37963
32260
32040
32353
38658
38952
36419
38394
35295
35069
39596
30364
34903
35729
37923
35447
39679
35348
38764
39472
39067
34753
33350
38516
32039
39694
33908
39589
39056
34152
33166
37363
38061
34651
35733
39381
39163
32428
32453
30451
38178
38752
30816
38057
30094
34945
36792
34533
39687
32741
36021
38459
38028
32492
35217
37286
30411
36429
37830
35572
33364
31695
31559
38335
35827
33199
39134
37043
32332
39465
37939
36541
34073
35594
38512
34809
37123
36236
36725
33879
35740
38006
39554
39449
32696
35210
39724
38782
37869
34903
30252
31346
30951
37326
35911
34277
34076
35604
35006
35274
35397
34197
31470
38789
35197
39061
34279
37498
32010
33733
38449
39946
37386
34621
39450
36998
34429
35668
30816
34249
37078
37259
32888
34923
34155
36740
39195
37949
34719
38253
35802
38861
38921
37723
38084
36995
31691
34765
38898
31036
34897
37062
31833
36383
37337
34324
33379
32041
30892
38319
38183
31786
35504
32679
32340
34192
35218
31174
30642
38794
32519
35994
35076
31118
38376
38185
33496
37622
31009
30864
39367
32678
37239
32060
35745
33644
36476
38142
39260
36821
38882
30645
32743
36597
36057
39026
38392
32475
34734
39369
36841
33808
31358
34411
31401
30074
38214
33362
30821
35297
39799
30966
38451
38826
31505
33988
30401
31111
31370
39913
30423
32322
39646
36993
34617
33730
30221
36997
34798
36582
32596
32031
35350
30909
32989
34603
34784
37152
38437
35756
39805
36801
38289
39522
36718
34340
33373
33239
32223
31707
34276
32314
33281
38201
36709
34915
33611
33322
33690
36775
32575
37371
31443
38796
30793
34809
38301
30457
35585
38351
33670
30178
38557
37564
37173
39733
37081
34338
36431
33558
31188
39020
35654
35385
37494
35218
36192
34006
32189
38345
34502
37180
35794
32801
32608
37695
33466
35377
31076
38422
35927
37926
34737
33839
37770
30660
36994
33948
31840
38511
39370
32750
30686
36922
39174
37554
38631
30171
39637
37239
30958
34849
33675
37314
39868
33492
34565
37110
30440
38514
34251
39786
33620
34573
32728
38938
37456
38301
30028
36564
32223
37921
35681
35893
39871
31684
39228
39164
33341
33323
39327
34809
36643
34706
38342
30718
32349
30779
33875
30244
39165
39520
38675
35454
38569
30108
35573
37746
36173
35831
34671
39426
30423
34314
35859
31054
38516
36600
30939
38496
37018
38337
36109
30463
32565
30853
37384
32018
36211
37270
38637
32081
33573
38960
34373
33216
31695
30649
37118
30198
32752
38218
32325
39729
34147
31924
32092
37499
34363
39103
32670
30299
33965
34708
39716
30343
31621
35041
39567
36078
35649
39901
34428
38847
32683
31041
34299
37533
36352
30298
38690
33978
30524
39052
36776
30419
33650
31781
35462
36406
32981
30386
31036
36810
30062
32692
31591
34325
31763
38072
34172
39648
34364
35495
32761
39977
31702
34472
30604
31800
32237
37324
33176
37110
34055
32035
36089
33088
31277
38515
35643
34082
30118
37520
38410
31281
37930
30739
30207
39850
33974
32547
34139
35517
36359
38819
32020
32574
35631
35839
33388
33133
31812
32841
31593
33042
38367
34981
36982
33381
33509
39665
33097
37668
36553
38072
32938
34006
34600
35425
38891
38272
32749
38113
31691
39160
39225
33136
30918
38375
35365
35473
31967
39637
39217
31996
32157
38238
30671
36302
31720
38895
35497
37486
33772
33361
35450
37229
31042
30846
31676
33883
36145
33686
39072
39201
36476
37892
39934
33267
34438
33212
36301
35819
38627
30184
31689
37641
31861
32262
34596
34011
37493
39575
38109
33253
36297
37120
32213
37411
32436
34253
38004
38736
38468
34273
35896
35274
36200
32517
33134
31146
32282
38975
39440
32302
34885
36687
33472
36525
30543
30368
36913
37208
38304
30620
37466
34072
31685
37881
36839
30393
37634
36797
34834
35525
35682
36132
36121
33571
39761
31477
31933
33873
39818
38075
34987
36702
30251
38879
32240
37969
37461
38590
36767
30079
39355
37880
36989
32180
35522
33271
38771
31925
37957
37190
33491
32647
38748
39626
33070
34349
32883
37505
31195
34277
31528
30408
38460
33020
33487
31584
38009
35049
30362
31324
37407
38391
33929
35756
31932
36758
32670
37821
34251
38850
38046
38812
35536
33780
30092
38210
33472
38631
36253
36772
33330
33968
36954
32818
39290
35845
36366
34493
34553
38279
37058
31421
30410
38481
32774
37603
36431
38236
34465
33677
36175
38723
30870
30737
35435
32818
36429
39777
32936
38444
36155
30542
36582
38895
39147
31056
31926
31228
39930
34443
33322
31792
39495
32775
32414
38756
35992
38630
33041
35096
38410
33814
36444
31930
35236
31256
35726
31303
34082
30492
33933
39571
37603
39318
35826
37404
35613
34248
39436
30047
33255
30189
39857
32022
30327
35406
34343
33683
37419
31298
34776
33185
30375
37748
30821
36310
35801
33907
34681
38354
36804
31129
36274
36788
39978
39494
35853
30790
31760
31856
39615
33877
34704
39681
32704
38882
31990
33054
33137
30285
31516
33221
39654
37515
39294
39751
36283
34269
35578
35996
36477
33103
36103
35914
30087
31613
35163
32506
37165
36361
36847
33140
33584
33361
35693
39837
34835
39452
38270
33261
35981
37134
32745
37570
37732
36575
34361
39563
30873
32402
30948
39623
33857
39621
34063
33855
31295
32547
38175
36483
34263
32988
32429
39120
36897
39079
36947
38821
37558
34157
38378
39965
37032
35848
37461
35969
30654
39134
34729
35602
36054
33615
39171
35211
33300
34357
38666
32588
39597
37821
30303
30394
36442
39165
33306
37043
33142
34913
37260
30820
36939
35448
33522
38582
36651
35079
38296
33897
33687
33550
31707
30682
31566
31736
38391
37525
32686
36060
31615
34710
38946
30636
34739
30702
31078
33565
30969
37342
30046
33923
34757
33313
32711
38984
35980
33599
33127
37016
31039
38587
30264
39574
33455
30222
32775
38645
30152
34205
31459
38220
38654
36617
30524
36911
34717
30515
39420
38096
39548
33100
38078
36709
30653
36852
39699
37316
30669
38658
36907
36371
34025
39431
39025
32661
32186
32959
30528
33884
34404
36785
33299
33994
32392
39844
38227
35528
34146
31230
34883
33459
34260
32014
31552
32285
35509
37337
31727
36066
39222
39145
37327
31876
30019
30876
33357
30772
33857
34165
33507
36780
37012
34222
31281
33640
37629
34903
36637
31071
30744
36693
33838
37202
32355
30856
32232
31447
37997
30788
38039
32611
36557
37280
31837
30282
30601
37823
33436
33683
30371
31354
33083
31064
39769
38921
35546
34447
39169
37617
31505
39075
31671
39840
38900
34281
36562
32437
35434
32642
36158
30624
32216
37260
39949
39703
37732
32842
33050
33534
30767
34791
34274
32499
30668
31991
32904
35256
33468
33168
32152
37963
32726
33766
31670
31854
34726
30113
31042
35070
38631
30335
31160
37436
33587
36942
30607
37560
36380
34318
39727
30025
35226
35423
35949
36744
37571
35955
30089
30605
32313
30951
34870
31406
39822
38310
33696
33813
36298
36133
39827
34532
32554
35882
33560
31263
31151
31383
37737
39095
39947
34466
39964
30972
34603
31637
33316
37617
37348
32615
35955
38864
34414
30771
34092
32740
39916
37553
32052
30839
39718
37851
37773
38530
34798
30896
32064
36370
39988
31791
35125
34735
30634
32033
34446
37108
36637
33535
34030
38740
30659
39508
36097
36481
34828
37362
32886
32423
38212
33268
38025
38752
35502
35411
34007
33658
35925
33120
34783
38518
30178
32032
30202
34680
32395
31252
32095
34125
33563
37065
30175
32048
32618
39170
39584
30977
31512
39647
30939
35417
30975
31896
38020
33216
34364
36644
37872
34865
38066
34789
32998
34744
38216
32318
35618
38988
35174
30835
39458
33074
39151
38331
35465
38495
32649
38757
33972
31974
37979
35672
37382
32524
31009
34793
34196
31393
35513
32626
37374
37416
36028
33507
37415
35635
30928
35388
33316
30166
31629
35469
32589
33264
38245
30398
34937
31272
36841
32162
32810
34717
38472
30034
36113
34226
35633
30974
37598
36091
37441
35738
30133
31356
30892
35613
36930
30102
31888
35183
31102
38254
36361
39806
31434
37667
38808
32597
37153
31517
32797
34635
35653
36103
35624
33819
33616
37022
37163
32355
33795
32417
31214
30215
36826
38470
36123
32047
39882
32659
30332
38036
31719
38419
37645
34961
36716
30810
36458
32335
38893
36530
36991
39902
30567
33204
30628
37026
39284
32265
35889
31499
31011
36925
36266
35210
37136
31750
36167
36725
37820
33193
32576
36349
34418
31036
31655
37507
39321
39186
31515
39399
32356
30484
34620
39784
39144
34294
35902
33503
38245
37502
35553
31859
30764
39266
38686
30348
38202
37354
37561
37404
31756
39244
35931
34775
39032
34281
39195
30965
32182
34145
38537
32764
34855
37639
31959
36316
34011
32373
30254
38380
36678
30308
31327
30522
30998
36341
32011
33781
35560
39072
32531
39051
30932
30780
35119
38900
32544
39216
34927
39799
34664
37300
38363
39901
31014
38055
31212
36367
38836
31193
36549
37997
39642
34630
30294
33457
31719
38950
30518
32747
36597
35287
35099
39717
34071
37470
31189
36427
38167
37379
39100
35915
39446
38425
32654
38580
37466
35804
37869
38759
30842
33783
31875
32337
31392
39618
34426
33252
33128
30942
35013
36625
36492
38438
39683
38900
33147
38458
32935
30853
36906
30869
31775
37648
31911
35855
30935
31178
30051
39683
30555
33884
35813
33477
30210
39958
38206
30969
36058
39364
36259
30865
31123
32495
36669
36983
32206
38416
39634
34646
30808
37655
31641
34937
39559
31262
32025
39391
30133
31487
33513
36428
33389
35826
35608
37433
37583
35425
33706
34759
35874
30863
36110
36118
30087
33189
35740
39865
33695
35772
33276
33461
33335
32969
33691
33073
34830
34942
38729
35693
36620
34022
33695
36426
30832
36979
38166
32667
39747
39242
36678
33787
33379
31670
37280
39600
32047
37851
32956
33468
36384
30028
33337
36134
36036
34773
31890
34592
37466
35285
36815
36186
30757
35822
32240
31927
35045
35167
30021
34572
32342
30280
31396
36408
39880
38309
32104
38862
31838
34995
34150
31087
32323
30174
32370
37476
32835
36567
34160
34725
39074
36301
36317
37459
33927
30762
33785
37760
35738
33259
31307
37943
33558
30715
30447
37874
33967
30148
31287
37755
37282
38058
30188
34886
34476
35994
32470
38153
39983
33557
31580
37203
39720
30900
34394
34164
38086
36358
35660
34542
32531
31295
33270
30510
39307
33452
30048
34170
39488
32140
37038
30583
39976
33461
37914
30365
30324
31435
34037
39459
32468
31335
34962
39349
37152
34891
39716
34417
37796
33072
30085
34394
39797
31100
38279
38953
30885
32065
37870
38352
36026
30071
38706
38751
38582
31162
33597
33319
37976
30480
37035
30594
32933
37060
33919
39663
38537
33475
39345
37700
34769
36123
38868
39151
34024
33404
32333
37435
35137
33221
33364
39387
31885
38305
30914
39916
34624
37713
38881
39303
34762
35512
34750
38442
33095
33143
38441
37913
34682
30237
38123
35260
34909
39787
30599
31079
33667
37464
30072
38625
37128
31617
30579
33489
39560
30024
34196
39639
30771
31818
39231
35593
38347
38189
30054
39837
37656
33424
32968
37718
36765
38643
30559
33009
37853
34209
30352
36083
31497
33178
32288
37223
35303
37409
33485
37956
33720
39976
38128
35535
31635
32390
34877
35654
30325
32808
34161
36349
30722
31857
32958
31639
35567
36033
35206
36925
39007
34709
31880
39424
39460
35710
35932
35985
39157
36144
33796
37510
31687
39715
36966
33920
37058
39107
34267
36095
32330
32177
37889
31554
34719
33690
33961
38769
33195
30114
31553
30953
34097
33586
32309
33928
36027
32605
36627
34250
39400
31192
31293
33134
36412
35351
37777
38967
37903
35466
30010
36139
34636
35981
35416
30810
31808
39148
33193
34816
37313
37956
39409
37404
36199
34428
39343
30704
36050
33408
33675
38963
30625
38677
36645
33410
31954
37788
31080
34352
34348
34346
37324
39583
37259
31658
30545
33532
37801
39615
33606
34695
37871
37486
30783
39857
35287
38914
30953
32352
33113
31786
37568
38204
36467
34911
36732
38356
31461
35472
33973
37405
36674
36057
34986
39258
33565
37760
35462
37968
38579
36310
30463
37613
36334
31480
34273
38557
30272
36128
37579
38678
34388
30146
30000
37209
37280
36322
32465
35766
37647
39635
35776
35762
38557
38902
38774
33998
36370
39826
31993
38476
39004
31479
30408
34658
37409
34060
31951
38319
33545
34356
36829
34906
37985
36754
36370
36901
30292
31889
39113
30046
35768
32036
36157
36516
32859
32233
37419
38098
36543
38753
35366
35296
34341
32067
33038
38889
33272
39687
38745
38925
38013
35402
30670
32395
32811
35352
30800
34907
32279
38070
39121
33552
39105
35210
35775
37864
39921
32005
31053
33279
34115
31660
30472
36829
34168
35905
34975
37920
30301
34652
34325
38024
36644
31389
35130
31844
30918
37281
33640
39093
34727
36238
37433
30429
36938
35208
39409
33260
38350
38834
32149
33152
31875
35263
30622
34409
38794
30388
36443
39010
38302
31077
37489
36539
34509
34066
32493
39013
32360
36097
31478
33582
31499
32609
39318
32948
35030
36842
31595
38065
38313
38556
38978
30175
31477
31740
38809
39581
38178
33662
30334
36652
32236
33402
33045
36557
33319
36617
36001
32930
32544
34692
39650
37283
39001
30676
30685
30344
38601
31431
34761
38697
37327
35281
31548
35126
32047
37101
31467
33875
33340
38300
33782
32658
36451
37386
31199
31738
38470
37968
37043
36607
32086
34913
37253
34918
38849
36139
30912
30155
37806
37044
39863
34281
38550
36948
30056
39056
31280
32058
34730
31081
30282
37486
32240
38750
31406
31592
39438
30212
38581
39588
34860
30253
39163
39679
34649
30540
33032
34337
38167
32057
35717
31243
39514
30802
31573
33386
35835
37757
39048
35395
33193
32028
36400
33698
36044
31645
32906
31393
36915
39978
37536
34802
38737
36985
34368
37604
33480
33567
31583
30180
37226
34206
38800
36328
33627
37750
35710
36869
34799
38724
33501
39833
31170
31852
39402
39887
39492
30644
33822
35455
31332
36808
39026
30597
32704
31042
38060
30112
39173
37303
32740
30583
39801
32072
39895
37083
37542
37278
35789
35169
33391
30619
39673
30404
36457
39781
38724
33161
32414
37723
38329
34738
38330
34645
33590
31923
32730
38497
30223
31060
35956
39965
35615
39392
37358
39779
33688
31018
32669
35844
30443
37120
37033
35232
30583
35319
36588
31401
39445
30965
34245
30114
38626
33987
33368
38503
38153
38508
36425
30472
32813
38852
34361
38205
35359
34820
36441
33944
34700
31112
39613
38367
32902
30668
31068
31942
30841
39334
37597
33438
38704
39763
30593
35401
34169
35729
36109
39869
38072
34156
35231
38848
34618
31065
31239
33140
30827
39378
36495
30012
37757
31061
33818
34877
34283
33429
34213
34687
32749
39623
35277
31031
34616
36220
32319
39100
33401
36763
37308
34602
31672
38561
39123
34482
38606
31562
32265
38875
34748
32306
30187
31094
30972
33018
33696
39664
39381
35749
34502
31420
34907
34144
38941
37508
37687
30884
37103
34754
37975
37158
38194
33333
37290
31609
33807
37914
31783
30115
36953
33529
36386
34504
36228
39309
31222
37840
31263
32927
34961
36258
37736
36074
33314
32512
37680
36659
34732
34366
33517
36515
39487
31746
32355
34370
32817
30187
30415
32587
37544
34522
36162
32758
36708
35966
34697
39617
32130
37831
35274
34927
30548
39925
38428
33025
34974
39365
39123
37514
35288
36024
37602
34236
38705
34113
30123
39090
37736
37488
37704
30552
30527
35227
32107
35786
36051
35709
34861
36161
34539
31988
36861
32637
31717
38619
33252
34056
33996
30232
30699
31620
30532
35143
31933
31058
37292
33099
35460
39849
37663
34819
36751
30687
33964
32441
30869
33924
34289
34205
35499
31099
39492
33739
37662
38893
35889
34162
36989
37818
30202
39906
33394
32810
34700
34616
37198
33495
32043
31789
35340
30373
31392
35906
38154
39409
39542
35755
37404
31599
33493
38316
37724
35950
33714
31197
30458
34040
30614
33887
30976
31796
30228
33312
38011
39487
38994
37129
36266
34026
31605
39004
31635
38666
30431
33704
31725
33885
39747
36267
33054
39880
33106
38720
30305
35425
37585
39895
32310
30087
34369
38695
34052
36767
31128
38873
33933
39390
38010
33837
30761
36181
35711
33301
35504
32406
31048
39700
38691
37743
32725
31196
35555
32499
37601
39847
37489
33769
35621
38035
30192
37358
39847
33611
36004
33766
36476
34385
30377
36879
38642
35553
30133
32128
36906
39465
34270
36847
38807
35719
36387
39292
39632
31002
31549
34384
36651
32309
39324
33596
39455
34231
39125
33638
39746
30840
33518
33551
34971
35378
30160
32702
31508
36422
33233
32763
34778
37500
30809
35220
35613
38237
35460
32228
34486
39009
31591
32675
37796
37834
34479
37230
33310
37754
32812
35827
35062
35326
38621
38560
31542
35995
35956
36276
34860
30108
32382
30295
32683
34127
35437
31631
39251
35179
39558
38848
36525
33516
37661
30258
31605
36691
35571
30539
31983
31274
36776
34089
35878
32806
39635
37380
30949
32351
39053
30460
31003
38474
39944
33337
36976
36779
30291
36463
35428
35233
37533
35768
35058
32425
33174
31784
39346
37632
36981
39277
31319
36106
33990
38501
34659
30368
34616
31705
33887
38411
30618
38830
35209
32763
37401
34493
38740
30089
36213
34278
32312
39652
38138
32129
36817
30355
35487
32199
33150
30312
35182
37918
31195
39955
33013
38208
32040
39507
37310
35803
35591
34353
35453
35456
37133
37280
36922
30444
38011
34891
32140
34215
37576
36563
37220
30313
35815
38261
30913
37766
38677
30231
31558
30999
30992
37155
38628
33069
35116
31683
35595
38475
36936
37441
38256
37178
34732
35575
35436
34539
30511
39711
36984
32889
37936
37772
37423
39158
35693
35555
32226
39592
30282
36158
37728
36952
37578
31420
34974
37807
38235
36377
32426
37522
38046
35391
32382
38376
30677
39122
31206
31878
36875
34760
34017
39796
31196
38073
30380
39668
34581
34727
38673
39654
38684
30069
33365
34444
35784
31085
31179
38663
36289
31644
39290
36704
34392
32242
31100
38254
31273
38503
32899
36908
34377
38431
37761
35209
30785
37050
31415
33225
32444
38459
38487
39323
31125
39572
36524
31219
31387
36850
39499
32546
30506
37178
32146
35205
35401
36727
31355
30607
37870
37088
31159
33500
31161
36291
33364
30583
32799
33390
36736
32306
30942
39247
33890
30390
34045
32845
36457
35430
36581
32021
35951
38678
36737
39859
39877
39596
35552
33135
30026
36102
30786
37219
32682
37549
32969
32577
38492
31449
35544
31686
33135
33691
35781
31522
38609
38591
38241
36062
38944
39479
37963
35263
33447
32752
36251
31817
35233
38298
37988
34691
32688
37053
35715
38887
36782
32051
32371
34187
37713
32821
31574
31742
30185
34182
31563
36265
37882
39633
36536
33330
34105
36356
37006
35833
37427
33576
39024
30985
38284
38542
30615
39415
34870
34691
32649
30919
34471
34699
30490
37177
39377
37091
32235
30384
34937
38807
39147
38129
30969
37720
33943
39116
36732
38476
33042
31335
34000
32228
39531
34157
32360
35837
34703
38498
35816
38946
37293
34658
30024
37964
31234
35756
35005
34434
34705
35763
39115
31544
35494
35058
36161
36576
30336
33181
39105
39018
38736
37954
30572
33704
35037
32543
32505
35928
35996
37165
34744
30721
34976
30141
35056
31690
38023
33776
31174
35705
31533
34162
38817
38523
36029
30406
38292
32974
35609
38013
36317
35759
38069
33209
38985
31068
36388
39828
36420
39261
38311
38053
39605
36662
37077
34787
35093
38175
33015
38730
33899
37841
32682
39307
36711
33746
39488
37554
38747
32756
37348
38753
34094
37418
36812
31190
31148
32105
31300
32727
37913
37947
39642
37069
38344
36441
39929
34572
38644
39766
38841
38243
35519
31760
30072
34168
36730
37299
35273
37033
37972
39364
30994
35635
39122
32488
35510
30308
37177
38468
30152
34042
32844
35224
30764
31769
32659
32528
36246
37716
38773
38940
32827
39071
34084
32764
34615
35266
31273
36062
33309
36138
30482
34864
32508
38911
31861
30579
34954
33533
36025
37331
34279
38218
37573
37419
36337
32222
34263
32463
39032
30863
37173
30895
33727
38588
35235
33436
35762
39486
30898
36924
36393
31053
32375
33468
33541
36284
31878
36252
34164
31146
38620
35537
36759
39403
39908
38410
38510
34379
33640
33637
37997
37759
30736
38641
30946
38788
36593
39044
33543
33375
36525
32496
35050
31467
31337
37564
39095
32842
35659
35357
30869
35974
33497
36252
35704
31998
32551
36593
33023
35946
31306
30566
38479
30440
30625
30581
36278
32773
34642
35438
33103
34956
34127
39322
34885
37692
39156
36238
37694
33487
36938
33876
34479
31143
34934
38113
30057
33720
39048
34341
37810
34747
31573
34664
32855
32909
33849
30605
38122
33749
34114
39452
31750
38029
31931
38594
36439
30284
36730
36300
34047
37870
39517
39253
31569
30315
33589
36876
37875
31157
32231
39968
34106
39600
38801
36519
34455
37319
37334
30674
38223
36522
39874
31805
38492
38981
30114
39366
37540
32162
31575
35813
34214
37816
32588
34239
33856
30437
39630
39572
37125
37823
35172
32193
30046
33680
36166
30671
33986
32655
34493
35911
30892
31490
31305
32501
36077
36093
33002
34261
38157
33227
37836
30112
33273
37265
38556
33226
38679
36982
38375
31153
38975
34715
34625
37101
36772
30393
36912
32885
38441
35916
34303
32187
34736
31138
39190
38729
35539
31343
33766
37692
37756
37481
38800
30334
35485
34696
33360
31084
31973
31695
38421
33644
33582
33370
36976
37608
37034
31742
38116
39927
32515
35794
32873
36208
36891
39032
35103
35262
33233
34718
31616
36569
35148
32646
31901
34444
36963
38061
39296
34502
33753
32837
32286
37793
38387
31424
36687
35421
36297
39197
36948
31839
32527
38861
37517
38106
39743
31313
33286
37360
30381
31014
31506
33513
30850
32283
36231
30756
30834
32217
30342
35827
36089
37927
39536
37222
38901
30664
37248
35504
36340
37066
39427
36715
32830
38243
33328
36523
30166
30692
35040
36170
35108
39149
36324
32571
31932
30412
32551
33962
34905
38860
39974
39395
33584
38990
32426
35077
32000
37588
34622
33040
31364
38360
31683
37977
34730
34809
32250
36201
31241
32941
35606
36624
36990
33967
31593
37426
39372
38629
35802
33656
31835
38951
31495
30377
36358
30297
34031
33178
31717
36461
33191
32892
36590
33166
33718
34149
37901
30850
34649
38073
36490
35892
33552
37843
34087
30542
32665
32114
37915
35729
30110
35362
31793
37653
30852
36110
35518
38613
38883
33670
37529
34873
34204
31568
39368
39515
35661
31132
34302
36256
33385
31843
36605
30928
32658
36033
32490
30991
34425
34230
38417
39822
36300
34054
37629
31759
31963
39941
31144
35938
36103
33172
35148
31790
36725
31684
32779
36751
36536
36982
34590
37207
30386
31082
38672
36978
36297
39891
38359
33774
33479
30650
32706
32952
31906
30186
32541
39627
34534
37561
32764
34752
35040
39431
39819
38118
31083
38925
31737
31400
35513
39182
37041
37347
35719
30811
37904
37009
34324
38499
32466
35504
32860
35736
30934
38218
33677
38217
30234
33608
34385
35843
32332
35760
33401
30467
32100
39755
34811
31509
31593
35537
35674
34422
38962
31467
39163
37591
31868
37026
32459
31729
37234
35253
39218
32052
31428
39392
32590
37632
37596
34981
36272
34182
39710
38137
37891
36229
36164
33150
31102
32151
39239
37660
30268
30868
30609
31689
34281
32110
37213
37559
34173
33143
36279
31361
32524
33579
33046
33038
31359
36475
39856
31381
39209
38331
30642
32269
37341
32740
30582
33357
39751
32523
36711
36056
31475
32943
31601
36148
34991
34270
38899
37661
35069
35391
36452
30737
38261
31422
30028
33133
34444
37368
38253
36734
34287
36740
37235
34999
38350
38754
31619
34595
30606
30220
37294
34670
31664
38600
39840
30169
34642
30778
31925
31402
39773
38114
32377
30672
32126
32031
39354
38183
30562
36037
30202
33689
35003
39394
30937
37373
33414
34897
39020
33302
39512
38222
34125
31475
37151
39097
32921
39954
37581
35231
35559
36863
31313
38340
33497
33141
37224
37907
30593
30844
37695
32342
31961
38545
30074
39147
38017
34880
31565
35328
34307
33692
36758
36855
31292
39340
34463
31275
32054
38759
33230
30704
30063
37629
33006
33392
33610
31612
33767
30816
38257
30043
30602
33797
33795
38687
38768
35569
37541
30199
31503
31881
31566
35813
38029
38256
37447
39402
39094
32330
38476
35581
32654
34839
35928
36784
32844
36282
32911
30351
31272
37507
36658
35592
30828
31599
37642
32516
38719
31273
31852
38444
37232
30720
30740
36103
37848
33336
31899
36931
36765
37088
32370
36334
37637
37435
35593
33406
30377
33612
32536
36232
33256
37919
37258
35313
39211
39151
37282
31882
36252
30760
39549
34904
36194
31489
33416
30445
35525
31240
33227
39703
37186
37787
34278
37534
32254
30530
37685
31559
36098
35978
31601
33038
34436
35895
38524
34653
30897
33089
30999
37012
39208
31756
30962
35293
39905
38959
31122
39727
33606
31315
30374
38867
30314
36344
39018
32481
36939
30993
33737
31789
33329
30867
36743
38274
30422
32399
38281
38803
32845
36807
36751
33948
32261
39048
36137
38487
37087
37182
36115
37896
38819
37567
36261
32313
35114
39134
32103
39939
35062
35614
37422
35117
32603
38059
34160
32469
39920
31223
38566
37322
33839
36481
39832
34471
34743
30820
35309
31776
39308
36141
34671
32515
35519
35629
33880
30546
30817
34267
38651
35315
32001
38686
36283
39535
38553
37525
34153
30983
39424
37204
32983
31251
36999
39599
33042
38540
30969
37499
31882
38601
39112
30898
32878
37819
31640
32221
34905
35049
30682
31362
34808
34350
36710
32098
35956
38998
39293
39833
38170
38318
30416
36935
36550
32734
34787
35979
39348
39216
33054
33082
37908
38804
30653
33248
34924
30275
37137
37112
30794
39157
38254
33821
31658
39288
35796
37920
36903
34918
38305
39040
38341
34919
39065
31980
38063
37137
36521
31300
37057
30101
36238
38983
32065
31368
32836
35866
33894
36635
34939
37587
36390
31421
36123
33606
31643
37569
30088
33491
33638
30159
38821
38102
39523
36483
38419
34583
34940
37668
38380
33127
37474
35266
36708
30367
30137
39662
34945
38959
35053
34494
34390
35406
36025
31484
37189
38515
37476
33003
33713
39010
36459
35534
30713
36766
33841
35768
33107
35886
30580
32493
35920
39433
35076
31683
31921
34985
37990
39188
34781
39416
31645
35347
37201
36268
32128
38445
38413
31954
33561
39455
35662
37620
35671
38793
39871
31975
37728
36894
36533
36638
34215
34362
39077
39628
30171
34154
33426
34520
37053
37821
39298
32459
33178
30145
35897
31775
36323
31729
37086
35217
39905
37027
33871
37997
38320
36123
30094
30768
31465
32157
30578
30408
33261
32718
39683
38084
34068
32750
32183
38415
32295
38555
37734
35792
36217
37351
34761
33893
33033
34457
39581
32258
38534
30736
31784
39440
37417
36137
37469
35677
31225
31329
37791
39301
38178
38327
31470
30156
36743
32733
36392
30218
32703
34750
37250
36254
37677
33498
33284
31918
35589
39315
32618
36969
32415
31702
37433
39456
33672
36374
37262
32634
33612
33467
36091
32166
39815
30389
32585
30714
37003
36997
31808
36420
34263
37869
31060
38967
30610
36246
32111
31933
34827
36924
37023
32952
36863
30823
35005
33850
39715
32287
33298
31365
32700
31223
35961
35316
39272
36160
30595
35164
35155
30992
34568
37786
35436
37729
39071
38986
32500
39937
31490
38779
30195
36706
33983
35798
33465
34961
38916
39311
36833
38741
39847
38291
39579
37643
30150
35732
30246
33073
30002
32975
38167
30161
36512
33202
35137
35244
31013
35452
36051
33653
32217
30511
33355
30257
33814
37860
36491
35621
30385
38502
34190
34007
36010
31935
34392
35482
35864
36784
33890
33353
32248
33701
37339
39869
33005
36004
33215
37664
32078
38241
32482
31771
39084
35364
34288
37213
37213
35528
31812
30135
36505
37646
30562
36256
32601
30813
30878
39006
39467
36440
36164
31141
38225
35515
38469
37834
33259
32824
33430
36326
31051
37112
37312
37022
36828
31216
39897
33624
39023
39008
38316
35342
31812
36616
38564
32548
31536
33843
33411
38299
33681
37976
37689
32109
33291
36223
34514
39061
33156
34922
38932
36894
30947
33362
38655
36045
38576
37549
35109
32814
34488
34594
31822
33770
32364
31519
31375
30337
37713
33237
36545
36070
37275
33197
36101
35580
34771
36798
30761
33272
30570
32027
30239
32104
32147
33974
38012
37446
36792
39914
36480
38761
38020
39442
31502
32319
32307
39791
31973
31454
33402
39910
37049
36960
37271
38141
30901
39151
31972
37403
32490
34838
33189
38674
35717
37008
38027
38266
33560
32353
36728
36893
38300
31958
34450
38850
38787
33439
32951
37775
34856
38608
35123
31372
38453
39349
33636
31299
30817
35806
38693
35915
35143
35212
38838
33041
34557
36720
33100
37045
35942
37473
32367
39562
31194
37786
32794
36032
38794
38816
34342
30817
30277
34377
33039
32137
38088
39661
36481
34324
33648
33540
38232
38949
36988
37857
38299
38289
32254
36657
33648
34252
36560
30651
34871
33453
33224
37383
32511
34391
34234
35551
39330
35853
30969
32704
32832
36616
36626
39173
35757
35243
38621
37474
30899
35391
34283
35682
30637
36397
38586
35285
30853
31120
38367
38921
33531
33020
33497
31012
32263
32294
31830
34842
30148
36492
31373
32890
30097
34521
30121
33319
33456
34174
31249
34480
34021
32412
38947
30970
31019
34503
38091
39364
36439
32815
39153
39070
39212
38597
38268
33929
31173
30353
31237
33168
37479
30608
39370
36089
37217
38764
34550
33500
38302
31536
30677
30294
34457
34005
38722
37814
31038
33739
33049
31690
30799
37596
37343
30688
30300
35864
39538
34756
32587
31194
36451
35965
32032
30427
30506
34299
32756
35860
32856
31386
32955
38761
39540
39139
33606
32000
39840
37043
31535
30571
38955
31340
33636
38458
30283
31729
31150
37811
36163
36347
30333
31737
39733
33814
38610
35115
34722
31864
33340
38824
34486
35728
33704
31511
36317
35842
34915
39598
32192
33658
37921
30638
32502
36417
37096
37286
35031
36564
33034
39197
37458
39157
37480
37967
38016
31120
32687
35864
35583
39457
38041
32573
37435
31660
32664
35385
30182
30454
33890
37389
36987
36761
37998
35084
32059
39294
31399
31505
31653
36543
37587
33518
39295
37113
37599
32213
31831
37291
39476
33485
32006
30584
35264
31827
32783
32507
32477
34137
38359
35370
30607
31886
36925
31991
32285
39404
30648
34355
32981
33229
39006
33047
32755
32463
32712
35983
38522
32924
36714
30425
35504
38489
32487
30572
32131
31508
31742
34095
33505
30388
35974
34947
34719
36540
38862
36448
36836
34775
31422
38244
35121
30914
33039
33044
31242
37886
35014
34242
38602
36939
37128
33488
32684
33679
31833
38067
36365
39642
35190
31553
33530
38836
38411
37623
32969
35274
38970
36133
38564
31899
35647
32607
31081
33504
37573
37150
31457
36260
33377
36446
35473
34269
32875
32995
34885
39238
30386
39024
30675
32756
35718
38620
39951
31971
36164
30537
39196
38505
30412
35873
33065
37336
33177
39335
39739
37088
37601
30183
30962
35644
30950
39098
37310
35368
38017
30195
37009
30317
35756
33208
39642
33785
32167
39457
34480
38289
32192
36649
36850
31668
33500
31758
34937
32348
35434
38309
33725
34044
35075
34219
32418
35148
35463
39017
36586
30910
32285
34750
36558
37119
37047
33178
39102
32463
36672
32947
30339
33002
31767
34355
33996
36244
38367
36067
30605
34230
30884
37646
30054
34691
37197
34152
32034
36891
30325
34208
36337
34065
35003
30916
37709
37493
31585
35791
38032
38234
34201
39504
31959
31253
34837
39612
30827
33285
30128
34706
33640
30153
33022
36439
33259
31442
37210
35744
30514
30469
38230
37233
38917
35271
31497
36229
37886
32016
34150
36191
32934
35644
34596
30382
37178
33829
30871
30551
39674
39438
36551
37134
32588
33500
30843
30005
31033
35454
37691
36190
36501
39912
37263
31076
37260
39515
32015
32681
36831
31587
38699
34304
34721
32243
37116
39479
31935
35373
36217
34603
37514
35471
38218
38797
31282
32704
31825
37629
32355
35773
36341
37168
32530
33153
39498
37515
38639
36104
33142
30406
38180
37507
32598
33831
38099
38991
37475
37643
37470
35096
33953
38112
30982
37298
31196
36061
31675
32586
37405
32803
38131
30994
34274
30400
33470
33986
32107
37990
30926
30941
31717
33859
33529
34076
33353
33746
33457
33151
37385
39482
30019
39993
36244
38456
33877
39506
32199
33642
39154
38193
30962
35978
34326
33400
36810
35705
37474
36533
30959
36975
31353
31302
31247
30498
39013
33674
37833
32285
31246
33694
36598
32668
33013
30551
39191
38669
37178
31379
36256
34537
30366
31136
38289
39802
37599
35623
36767
31558
39427
32204
36727
37842
37771
33110
30823
31967
34373
34350
34000
33444
38865
39196
37445
39742
31776
38969
30189
34556
31546
35424
36876
32456
33542
38427
30577
36866
33438
39787
30248
38146
36890
39160
33490
31235
32406
30713
36539
37779
34533
39915
35143
35972
30050
38244
31877
32427
30720
39862
37776
34315
32340
38395
38716
36757
31314
33817
39889
39951
36795
39163
34939
32927
38549
34277
39836
35935
38125
39153
35406
31491
33666
32521
36597
34865
36754
32328
31007
38427
33044
33483
33992
30656
37125
34821
32744
39872
36041
31637
37143
34766
35221
32314
30892
38680
35166
37610
32466
32233
37194
38950
31767
39393
31772
37758
34980
35359
33533
31251
37151
30739
32930
31428
39226
35416
35680
33028
33907
37242
37633
33130
32589
35199
34500
39754
33820
34069
33018
39351
32299
37797
32533
33370
36214
31687
33750
32236
39917
39428
34434
31021
38369
39457
30241
34854
39575
36686
32510
33668
31297
39750
33868
35294
38784
31055
36784
33088
30890
36697
39852
39300
33073
36040
31483
38206
37005
36168
30964
33674
38269
34771
32373
34256
35506
36080
37718
35190
36695
38421
31854
30742
30818
38648
33218
32219
36075
38304
31229
36672
39011
38661
33329
38819
32449
36993
32060
34049
33979
34405
35324
33491
30865
36314
31027
33084
31732
30319
30677
37350
30155
32566
35196
35125
30347
32993
30170
38922
30578
31825
37127
31756
35624
34609
31971
35301
35618
30671
31719
31065
34973
30424
35852
31888
31724
30200
39214
34543
34583
39400
39210
35446
32289
33675
31274
30594
37407
39577
33051
37688
34651
30649
39543
33138
31996
32300
38609
39131
31398
32941
38608
36272
34735
31891
37756
35443
39789
30284
37780
38478
30506
39875
32874
31002
35555
36023
38591
32352
39329
35358
34344
36906
39877
35703
37450
38315
39011
35656
36329
33149
30844
33896
35337
33313
36343
33790
34003
37192
33155
37125
38983
37949
31892
31929
37896
33664
32379
33234
30424
38051
35918
32392
33517
32409
32543
30054
34362
39131
35458
30322
36922
34612
38347
38720
35227
34733
35122
34608
39391
39222
35794
39486
38377
32124
36627
36180
36867
34416
37519
30396
32333
31322
34619
35267
32341
31310
31616
31654
31471
35930
38825
31722
31830
39658
35242
31056
31078
36754
35057
35015
37121
37756
36786
38319
39199
31682
30124
32995
30940
31291
32910
38677
32171
37796
38187
31031
32715
38339
39223
38585
33279
34202
38589
35614
35591
30268
35905
38883
36426
36550
37709
39044
37869
30744
32049
33270
39251
36716
39869
34290
34527
37584
35022
32453
32594
33634
34845
31625
36986
34685
33627
36801
35734
33740
32005
31148
31788
33731
36363
32873
39300
32021
33634
37778
31359
37945
38565
31663
30287
37129
32463
37837
32496
32568
34714
38917
36074
36546
30959
38815
30772
39328
34710
30372
36868
30285
32401
36423
31499
34605
35394
37272
38488
34073
36296
35525
30434
33523
31108
30001
39898
35536
33158
34075
39868
34701
39584
30205
32401
39325
36197
31625
38285
32884
31948
34232
39925
39677
39966
36541
34240
39178
38131
33261
32291
31387
38486
38505
37631
31126
31476
37958
35892
32668
37901
35412
34016
37344
38826
38012
38701
35863
31199
36264
30152
33935
34891
39417
39002
34508
35043
34169
31413
32435
32166
34830
39784
37701
31235
36029
34248
31483
30215
34871
33187
35265
37878
38034
39360
36970
30582
30714
31942
39683
37743
38565
33740
37874
36140
30816
37181
33271
33917
32591
32255
37519
36154
37143
34578
31579
35232
34179
31924
32485
30852
38738
33189
36484
36548
36212
34566
33883
31795
32982
33941
34963
31408
38908
35975
38238
36829
37408
37163
32011
37109
31264
32286
37694
30915
37412
31078
38693
34738
31995
36704
31774
36620
37710
35678
38795
39191
39106
32243
35423
30563
37909
38882
30059
36741
39660
38664
30549
34598
35014
34405
38472
30167
33878
34253
30806
33039
38260
33245
36591
34004
30152
35613
31835
39689
34085
33195
39381
34945
30076
31138
31684
30993
31619
33315
33533
34926
35100
36321
38649
34078
31533
32753
38752
36954
38913
31579
36251
30988
33597
35850
31980
36188
32142
35734
37579
32892
30802
37926
38042
31347
38483
30837
33726
30554
30397
38675
32678
33948
33854
36487
33540
39863
34693
32578
36451
35442
32692
34311
34430
33703
36984
38241
30495
34768
37959
35772
36433
33957
30436
31084
37591
31377
34000
38960
34286
39932
30299
36287
34543
31258
33828
32551
34723
31993
32290
31410
34323
36002
34939
37567
38722
31700
32504
30599
38978
37458
30275
30130
30930
32230
36692
34800
36759
32995
33420
30859
30996
35380
39276
34877
39457
38938
39634
39074
34032
33932
34936
37071
38424
32197
36837
32480
39936
30684
38131
32697
30254
32628
33128
35483
33791
37911
38399
36500
35590
31185
39955
31813
32088
33575
31794
30581
37056
31373
32528
39612
31976
33045
31301
33315
34764
34066
31584
39652
33282
37643
31600
35162
30402
38216
33099
39848
35519
33776
36005
35795
33348
32496
35051
31730
34613
38969
35948
39456
34808
35410
32838
37036
36573
33577
35857
37958
38457
33926
37450
35095
37832
39458
38775
33233
38536
33147
32997
34157
34485
39408
30568
33864
38909
32080
32691
32339
35153
33647
33087
32489
39041
33027
34897
36356
34691
32133
39124
33512
35371
34652
33332
38680
38479
34001
34517
33022
39075
31244
38035
36327
39514
37926
35253
35341
33671
33236
36201
36892
33032
39673
39929
33108
38462
36501
34474
30041
35885
35652
30412
30327
36280
30477
36811
35088
30406
33746
36057
30275
36524
37652
34521
37836
34974
35214
39327
32694
36947
39452
37558
32357
36029
33951
33183
37187
30188
36070
38705
35846
38735
31893
33066
32215
33512
30277
34712
37250
36043
31864
38860
31626
32743
37745
31029
32795
38366
31647
34651
33118
33868
38941
39197
34117
38594
35573
36665
35565
38270
30102
38526
37130
39683
32406
32212
34595
30101
33364
36156
32301
34536
30831
35000
38364
36730
38551
32089
39516
30408
36322
34674
37913
35783
31686
38314
33171
32556
35676
30922
39046
34719
37760
33605
35677
34371
38016
34996
35122
31437
37779
38118
30024
33703
33534
34023
32689
36888
32659
34365
34588
37625
33785
35929
34370
33161
38983
33679
35824
30340
39795
35343
35913
33027
34167
39772
37023
31479
36797
33334
36820
39417
31079
33487
33798
34503
36868
36321
36472
35808
34644
35335
39450
37439
33259
32024
30161
30989
35475
34936
35889
30679
32714
32789
31942
34198
38074
38952
38277
39067
34557
39154
33725
39094
33631
31618
34046
37996
37846
39000
32516
37538
39975
34478
39459
35753
30377
30141
30214
36673
33700
34416
39384
36825
35822
36702
32901
35273
32026
31594
38441
33403
37807
32137
39012
37829
34404
31390
34180
34804
32198
34245
38313
37364
36436
36950
35467
37040
31404
30026
36109
30441
31128
31439
31729
37264
36967
30731
39573
30350
35025
31607
31233
30313
39248
39968
35630
36939
39254
36765
39050
37079
35475
30197
32308
34081
38041
39767
37891
36933
39969
35483
37954
38240
39704
39119
37442
38927
32808
30847
35254
34115
37699
33789
30409
39009
35747
31072
39444
35851
31724
34841
35892
32962
36657
34315
32655
34772
31449
30492
33283
37310
36294
38373
38774
37136
37887
33680
32337
32906
33667
39966
35770
37865
39967
33757
37590
38433
38812
39865
34861
38748
36327
36413
37774
33547
34251
39247
38478
32080
34880
38408
33408
33885
38922
35103
31395
33219
35194
36249
38222
32662
30887
35063
31984
38033
31207
30384
32576
36090
37577
34494
32971
33723
34341
39024
39542
32343
34895
31203
33631
33985
39534
38205
36811
36293
38945
35620
37827
31998
39237
37177
30095
34744
36681
36797
34807
37217
32916
30724
36175
39393
34274
37083
32177
34430
32100
32528
36270
37239
34467
30819
32959
36080
33502
36163
32892
30679
36731
34909
31152
31306
35268
32833
35843
31996
36489
31624
32707
37698
33885
37448
35521
39491
32216
36476
31335
34229
31784
37140
34206
34965
31682
36529
31056
36345
38186
38827
38477
34786
31155
36987
39906
36696
38219
34920
38436
39275
33829
36423
31717
37474
37856
38776
31901
37618
36272
33483
35383
32842
34710
33999
34220
38054
34199
30432
33524
32424
37213
34197
36890
35543
31329
31392
34966
39345
37239
32275
30630
31658
37651
35609
37950
38779
33696
30904
31072
33921
35852
38621
33482
35500
37124
38221
37750
34309
37223
36666
30735
31400
37853
35402
39529
39152
30826
32182
38932
36453
32743
35182
32156
35161
32192
30754
32603
39112
38055
32943
36085
38805
30375
32362
39644
34597
38489
34456
35248
38762
34612
32270
34090
32067
34932
36887
39932
33678
34410
39428
38016
34142
35944
32170
39427
39949
39329
32710
39470
34760
30539
