44342
42612
46765
47258
47874
45873
43836
42282
44943
47133
48139
42474
40559
44779
49712
47250
43093
40354
44135
47267
43206
46420
42860
40901
49331
47727
46048
43430
46222
44949
46824
41374
44827
46759
42730
42388
46266
47795
44882
49279
40072
47230
47819
45276
46990
45038
43385
46499
49638
40837
40074
46732
40095
43228
45277
49057
42115
45911
41561
48710
47051
40558
49748
41569
46829
45396
40897
43103
44335
42797
46511
43349
41436
48726
41304
44446
47533
41913
45675
48675
46998
40784
45672
46515
42168
41787
46688
46279
49646
43607
43375
49087
41592
47935
42337
45585
40416
48979
46068
43671
44803
40657
46263
49743
47388
42609
42176
49477
49538
43519
44988
47994
46692
43031
42317
43434
48488
41593
47915
42401
41522
40903
40383
40529
48994
46359
41291
46501
40726
46865
47492
43265
49071
46683
44590
45890
41099
48622
48561
41528
45106
47795
40320
43313
49959
40417
43701
46641
49099
42674
40703
43267
47126
40556
49187
45912
45778
42749
47222
43678
47897
45143
45199
46448
42454
47345
41507
44681
41115
48705
40093
49530
46959
43771
48535
47041
48942
44859
43404
49350
41526
42475
45623
45266
47430
42679
42318
42374
42957
44182
43186
42928
49498
46951
48839
46143
41930
48413
45741
40264
44413
42948
47378
48790
46804
45322
44136
46558
40372
48922
44981
43068
49762
45247
42474
42377
49304
41947
48946
41166
45653
42897
45705
49178
45465
45300
49023
49119
46385
45586
46385
46336
41955
48032
43953
42092
46211
47430
41545
48128
41746
49893
44555
44319
45768
43926
43178
45711
42320
47286
48093
40005
45220
43810
48294
41634
45525
48397
41155
43968
49353
47634
47045
46931
46749
48180
40753
43302
49972
44946
49876
43319
40008
46354
45898
43878
43465
44521
47187
45549
48060
44078
44348
47933
43861
44520
47484
41452
49138
47465
41775
41578
44262
42026
42492
49714
44405
48604
43073
43473
41978
43844
40209
47915
42735
47251
48026
48495
45226
42996
49379
45886
41924
48852
46074
42664
41746
47818
41350
41901
47918
47067
47393
48118
42182
43070
47811
41768
46188
41451
40026
49444
43585
44987
45371
43336
41816
43468
45281
45129
40874
44662
40461
41469
47432
46485
46129
40440
46632
46701
40536
41029
40572
47927
45832
40516
42063
42546
40054
47891
44577
44253
46515
44949
44482
40381
42203
40549
49632
41902
49922
47667
49175
46050
49866
47341
43038
49898
45074
48386
45984
41879
41780
46829
40328
42256
40060
44432
43482
42838
42388
41380
41325
40870
47688
44217
46063
41942
46344
46490
47742
42031
47213
46164
41828
49307
41156
40880
41430
42253
46885
49362
41592
41784
43936
44905
44868
41568
44532
44743
41887
42574
40745
47327
48008
44940
45903
48077
47295
42748
49501
42975
48059
44987
43008
48564
49967
49074
49924
46339
41339
41653
47170
49315
46691
45081
46507
48640
48761
47007
44026
48517
46343
44755
42976
48410
49088
45827
40195
42560
43083
40803
49224
48118
46538
45131
43844
44929
43146
41874
44189
41890
41847
48334
43878
47137
45578
45679
40663
41860
48390
42169
44981
40494
49772
47396
40497
43181
47468
47066
48231
40003
45149
45296
41185
40248
49352
44124
49523
44171
40843
47994
47301
49165
49191
44366
40514
47013
45737
40238
42770
44000
49389
48421
49336
41064
41701
46654
42442
46859
42548
47311
40782
42656
45390
45363
43952
44323
41577
47496
48204
43277
46445
45874
43342
45293
46072
45850
41851
43280
42449
48181
40416
47771
46572
42727
40867
46745
43503
42470
42312
44620
40781
43785
48677
48780
41756
41341
46262
40847
48372
43725
43990
49041
43747
48985
45021
47445
43461
47615
42145
47775
45920
44204
40933
49324
46364
47969
44026
43162
46144
46696
47127
47389
48732
48222
42274
41252
46611
48534
46801
47288
48663
45801
47015
42288
45947
45222
44079
49873
44905
40415
45842
49693
40896
43281
42426
40919
41735
45766
45276
40524
40426
43738
49076
40131
48631
45319
43416
48673
47611
43468
46473
41989
41320
45306
46032
44608
47136
48783
44190
43452
43333
40625
40801
47940
48781
48181
47296
46090
49630
41804
46933
41606
49730
43682
49664
42643
46433
43681
49900
48966
41066
42656
43183
40589
43845
48982
43503
47579
46297
44556
46358
47722
40365
42442
43995
45982
42259
49474
48269
47309
40899
43649
43499
42225
45261
47938
46370
42840
42375
49268
42433
45481
47813
43852
49107
44936
43548
47803
43183
44499
43795
45000
46818
45425
48116
42576
49734
49204
42413
48039
46914
46154
42733
41077
40506
44216
43794
47367
41788
42553
44028
41343
44103
45600
41583
49813
40467
44505
41231
48549
40211
44615
40374
49539
47440
49551
43505
47456
40371
44761
48340
40077
44676
45976
43592
48891
45848
40916
47915
42919
45285
45816
41859
40920
42334
41840
49872
44561
49811
40313
47369
47878
43698
49847
48647
46435
48624
42875
45061
42918
49519
43933
49274
44621
46399
47062
40637
42246
43622
45141
48767
48769
47148
49657
47284
41711
43355
45455
47308
42141
40785
41335
40795
48899
41813
44022
47098
47182
44705
40001
42227
46409
47763
46976
49208
43540
46350
44304
49666
44471
40467
49660
41293
47949
45233
47389
43228
43572
49159
42542
41523
47878
45407
43420
49876
40241
49371
44601
46568
43385
41851
41902
47170
41681
40870
40476
44003
44059
46745
47361
47537
47391
44398
40179
41982
40485
44120
44404
47176
48450
46967
42643
41519
42143
43848
40706
46198
47628
47923
46903
49252
46150
48463
42959
49088
45990
40508
47205
41020
43757
48774
43330
47108
44147
46147
40817
49111
44030
46757
46461
46738
48832
41194
49847
48539
46607
46701
49538
40748
47952
48342
40842
40196
47962
48079
40505
41012
49791
47450
48474
41228
48087
46129
41910
44665
44523
43001
42086
45490
47002
48619
40476
47697
48692
47906
46396
49437
43003
49760
44886
42593
45842
45911
40146
41287
47076
44767
46865
49119
48939
47298
48982
43830
40380
41027
43066
49854
42764
45136
41367
43708
44214
44349
47816
44571
46939
41787
48790
42544
44386
41296
49252
40064
42741
47912
44093
47749
44399
41036
43896
44532
49381
48685
44177
43380
44354
42733
47198
48112
47901
44460
45889
43874
45011
46915
40091
43669
43360
45601
46385
46040
48895
41828
44099
44439
48473
43712
41737
47138
42875
48226
40031
47633
44358
43995
40102
49401
49129
48591
47804
45600
46570
45949
48212
43861
43907
49258
47440
48645
47073
42154
42501
48823
46006
46405
43755
46119
45319
47355
48635
40832
49369
49414
49814
44865
44101
42574
45754
48506
46732
47547
46650
46632
48340
41484
44199
42055
43717
48440
49325
48558
47470
48760
48025
43876
45298
49375
41837
43317
44587
42644
46077
48033
49054
44814
45948
48041
48026
46442
47935
49017
42109
46173
41432
43613
43529
46189
43499
42594
41191
42302
47823
48427
47667
44199
47512
44138
47713
41665
40164
43233
45687
40733
42814
42253
42294
49677
43832
46150
49434
48506
48606
48082
45634
47192
45945
49461
43528
47269
42523
43114
45152
48605
43415
42287
40449
48183
47792
40872
49309
40553
40172
45740
47701
40213
49288
40313
44029
44689
48603
49663
42708
43273
44741
41298
48119
40507
42747
42548
43628
45350
49924
44994
47129
46686
43279
48747
46720
43320
49072
44537
47529
41946
46831
49564
43454
49703
44358
43833
45658
48876
44675
47339
43008
40067
40680
44825
48324
46723
48325
44124
48335
48313
44575
46097
44490
41608
42080
49045
46448
49572
48538
48153
49953
45154
45065
40965
46091
42933
44531
43234
49430
45000
47786
45537
48470
48732
42981
40011
42966
43174
40763
48256
49198
47635
46048
46018
46081
40808
45259
47608
42111
41224
46460
43171
45562
40166
48659
44921
48144
46335
45688
44222
45320
47461
49531
40014
44905
47857
47777
40505
49229
42448
49907
44252
45127
47226
47593
43828
40357
43252
44827
45104
44649
46343
44795
47846
48496
47425
41685
48807
43108
49132
47315
46789
40420
42700
44409
40239
42993
45479
40626
41882
49776
43411
40031
41599
45219
44767
41612
48314
46019
41078
47656
44002
41907
48742
48293
48101
44316
40104
42409
48578
49513
45922
49229
46705
40824
42095
49362
46195
47980
42301
48869
43758
40253
44736
45001
47392
44077
45548
47646
40727
45145
43753
46268
46627
49584
42442
48097
40899
48761
48881
49716
47450
47491
41770
40810
49514
46007
47362
45815
47689
41880
47405
46478
44410
49307
40925
45944
46263
49636
48803
42845
40025
48831
44722
42126
45718
44681
48637
47847
40113
49008
49212
42018
47083
47858
49792
42727
47025
45716
48462
44217
46155
48166
46461
41412
47897
41087
40835
41414
42819
43481
46554
44951
40617
45321
40555
41429
47484
41445
45155
42285
44892
47434
41111
48674
41260
43676
41247
41164
46306
49352
43989
41087
48966
48973
42445
45473
43678
40263
48704
40056
46568
43673
44943
47777
42606
40644
42603
43396
47160
49821
48420
48359
40534
47876
41423
43907
42073
44333
48122
44555
41183
47854
44085
48547
46234
44792
48849
46655
48729
49526
47678
45771
49352
40067
48073
49183
44538
41747
41142
41065
47063
46396
47919
48825
41849
44385
48600
43216
48600
42110
48220
42807
46230
48086
45826
46370
40121
46667
45392
44000
42165
49606
45831
45388
45282
42140
44346
41555
48638
42129
42029
44577
47153
47845
43161
48350
49037
42494
49973
42297
48088
41258
42749
49031
43262
49720
41135
46514
46646
40894
46238
44952
42360
41776
44698
48822
43163
49309
45298
44787
48561
49982
45848
46971
48083
46884
43140
42118
46049
42972
41533
48453
49636
49565
46410
43771
40333
44621
47173
40172
49988
46217
40704
45210
46562
42866
40295
41747
41433
43753
46940
41754
49634
48817
49566
42476
46761
40710
48301
46929
41461
48085
40203
44518
40378
42434
49984
41729
43230
48732
49246
47305
49297
43526
46477
41080
43015
42770
46646
40756
45590
45738
43596
46294
41599
40606
40675
47298
44404
41955
45000
44810
41841
40358
48615
45264
44159
49449
45420
40999
49462
46461
46199
48687
47998
48054
45323
44331
45580
44458
41806
41032
48123
41438
44237
43686
43859
41410
43851
42912
47097
42128
42467
49110
47619
43832
42381
46326
42722
43454
43424
44790
44760
47561
48324
40446
45598
44074
41303
49546
40848
46481
46392
46512
40949
43258
41325
43628
43220
49522
40100
41858
48846
47566
42270
43110
41455
47825
49876
45608
49388
42119
43544
45659
42068
46518
47752
41101
41991
42097
41484
43978
47765
47989
44604
42553
40339
42652
42144
45717
44137
46094
48406
46024
47136
47877
40279
41124
49111
43192
44506
47210
45237
42016
46763
42235
43037
44436
41362
41110
44270
48569
49152
49902
49750
46232
47750
41097
44352
45454
42644
47425
41459
48277
49889
47444
40992
46893
41127
42100
42816
41082
49489
47836
47789
45192
40580
48454
42023
43420
46175
44905
46027
48067
49527
49469
49312
46576
40274
48339
42766
49689
43774
44580
45668
44852
44447
41586
41528
46112
45171
45729
47139
44205
45127
45712
42189
48237
46606
45279
42575
43463
47254
45436
49166
47998
47972
42058
45170
45010
48280
44891
49511
45908
40325
44340
40631
44368
49912
43140
45010
40649
47960
41045
47355
40581
48582
42003
44884
43861
40645
44937
46434
41828
48112
41211
48202
45795
40711
44132
41873
43155
40559
48451
47599
49997
42262
40680
43837
45774
43699
44317
48409
47680
42195
47527
40316
49811
46152
44729
49810
44962
45283
47642
45026
44935
43604
45836
47076
48616
48037
41592
41918
45777
42109
48965
46556
48510
48567
42362
49144
41558
46953
45632
47459
47393
42190
48708
47820
41828
48046
45181
47066
41204
44982
40825
43453
42745
45330
40060
48456
45540
40027
44625
40373
40794
40169
46296
42355
46485
43575
43418
42026
43375
41207
49199
47215
46433
40839
48273
42481
48162
45662
46837
44106
48081
43659
40862
46992
45644
49539
46311
45544
42263
44756
45065
41988
41786
42737
40390
49846
47770
45810
46126
47311
40189
47524
44522
45105
43847
49075
48665
46094
45696
41355
46774
49409
48498
44780
47306
40088
43830
47523
45739
46388
48297
49008
46240
40822
43006
49599
43940
47688
47843
49325
46492
49431
48902
48151
46784
46492
49536
47837
42187
40510
42929
40722
49593
48672
46837
43945
49609
47844
49195
48524
47759
40680
46669
41490
45332
42359
46889
45853
47553
45782
49134
47540
42226
45161
47492
40674
47640
42730
45201
42528
44610
41001
48736
47370
43827
43483
45532
43979
46356
40020
49712
45129
42090
49071
46113
48545
48223
48127
44062
47935
47417
45200
48848
49581
43219
48869
40648
44658
48507
41715
47786
49983
41270
42131
43623
40196
40858
42506
44141
42516
46992
47525
46317
41173
43294
44970
45773
42363
46856
42817
45854
42146
45467
40618
49289
49113
44527
40255
47902
40806
46356
40948
45431
47926
45676
46124
43492
43158
46337
45164
40918
42089
46050
41411
42298
42140
47823
48858
42397
41696
49082
43904
49303
45673
42047
45251
40680
45684
41842
44596
44266
42609
42002
43091
45918
46941
40613
43733
45900
47556
44098
47818
46885
42718
49880
44369
45177
48062
43554
45090
40034
45070
41018
43763
44672
40119
41083
48277
46485
48558
49477
45493
43367
40490
40896
44018
47613
44926
41743
47612
48814
46802
42573
42449
42405
46997
45876
44720
41092
48918
41832
41202
42234
46500
41900
44292
45452
47526
47742
44777
41233
43056
40841
40114
43080
48460
46412
43379
42922
44061
43712
48181
41877
43699
43707
47842
46253
47684
44208
42913
41689
42539
42013
49720
46741
43698
41433
44027
40876
48900
48604
48159
40839
49392
41421
46935
43664
43268
45647
47651
44230
40272
48750
41998
40166
40214
44380
43265
47190
47785
42045
40514
43500
45003
48502
42462
42695
48791
49650
47765
40927
45239
44323
45097
45428
44014
44254
45987
48398
46049
47702
45700
42354
45190
47778
42627
40447
49755
40314
44653
48035
43145
40291
41707
49832
43540
40296
47353
40327
41531
49260
48679
43849
41056
44798
42956
44654
43437
47912
41603
46712
46476
44479
46830
47488
40615
44009
44008
49941
41947
42497
43287
42233
47536
42805
47280
45150
41929
43026
47720
43155
45008
40505
42941
46154
40404
46833
49729
45525
40584
46979
47655
49825
49410
43969
41348
42649
45481
49052
46324
47583
49903
46094
46978
42936
40242
48138
41128
41959
48401
43492
44111
42684
43865
48513
46841
45136
45403
44309
46464
42727
43625
45026
45303
48880
44051
46048
43615
49627
45318
41517
44374
47778
40006
41867
43746
44566
46152
43753
49238
40197
46036
46714
48591
45599
45009
43151
46402
43878
47266
40846
42200
41439
47312
40094
43239
45575
45586
40761
47605
47431
44213
48117
48438
46662
44179
40086
48004
46894
48341
42762
41192
49110
45668
45463
41556
43470
40824
41378
49503
48761
49822
44971
41397
42663
46818
42669
40431
45304
49343
49118
44962
43236
49275
47271
47648
40865
44665
46950
49240
41609
43165
43148
44154
41643
41280
42309
41036
44939
44883
42100
40499
49477
45543
47782
43864
41044
44075
46165
41365
42783
47439
46383
45554
45831
47597
45209
45858
48768
41296
43501
43197
41389
47843
49497
49367
41324
47911
44159
44503
40426
40165
43523
47334
41535
44068
43117
47196
45190
46613
49896
43790
40196
47931
47865
40532
41563
45718
44575
40012
44261
41275
47038
45554
41479
40548
47224
41150
41645
42049
49297
43176
49323
49763
43004
41168
41274
43231
40218
41704
40496
48897
44562
48964
47818
46466
47211
47886
42792
41589
45530
41014
43008
41448
45036
48110
43755
42995
49304
48387
47952
44537
46930
48831
49688
40098
49408
48491
43370
42585
48897
47845
44467
46163
40220
44398
47160
40433
47194
40503
48829
49033
49357
47095
41202
43079
41561
47464
43305
45528
45500
48523
41827
45972
49222
43103
40450
46636
47962
45743
40849
49425
47202
46156
44538
40758
46769
49096
46596
45611
43007
46720
49389
44708
44562
49684
46827
49128
46186
46197
47495
44708
44089
44059
47971
44603
45839
49296
46099
42095
47604
46436
47593
47317
41585
49683
48399
40980
46925
41304
49503
45320
48051
43385
40537
47572
45480
41778
43417
44024
45408
46555
47542
43400
46095
41548
43594
46735
40993
46691
43885
47160
40840
40768
43353
47123
49565
48914
46815
42410
41699
48753
44892
42074
42230
41410
43135
40843
43377
48809
46316
45940
46560
46627
42590
43365
42014
43083
40294
49627
42974
47347
43518
43700
46097
47747
41256
40522
44897
49213
48950
41756
48378
41400
40546
41727
42736
43830
43790
46463
40055
42015
41438
41571
44232
49031
46278
40340
41042
40298
48446
46892
46203
45413
49364
40474
42578
49808
47818
46043
45234
40746
40188
43186
41002
46678
48652
40127
47347
46360
48300
42065
43954
44306
46527
43409
49185
42093
45815
41634
42806
40859
44084
46399
45761
48932
45140
41349
47610
49931
45450
47583
42298
40919
42455
47170
43342
47233
43937
42266
40213
40448
47601
40428
48754
48639
44915
49514
49768
43529
43552
46212
41594
47455
48288
40675
44439
44148
41114
46009
46504
41262
47472
45437
44543
49305
47043
41815
44382
41174
44305
43926
40149
48836
46217
41445
44484
48880
41785
45795
45830
46628
41051
47283
43077
49300
49066
49799
42274
42316
43801
43174
44906
49233
45618
49821
42319
45077
49931
46703
46291
44816
43967
45838
41426
43615
43204
46587
41120
43178
42927
40784
45141
48930
45663
47388
43544
46120
45743
46810
48593
49000
48160
46304
43648
46178
40050
46900
45545
46941
49607
49233
44908
47920
49080
40323
47060
46779
45599
45862
44691
49833
46001
42908
42307
43414
49595
45989
41627
44650
45840
45603
46551
45891
42294
41820
46108
48454
41866
47308
43866
45566
47391
43451
42716
41442
45878
40448
44607
43287
44368
47280
45882
45666
44295
40267
40183
42174
41486
49556
42532
47627
44465
41330
40176
45104
44643
49814
48054
46062
48108
47182
49328
48516
40258
41397
44326
47777
41311
41676
44450
46616
42850
48816
41137
46885
42985
42913
43793
42600
40475
44154
44766
45287
46193
43301
43906
45990
43683
47259
40007
44761
49275
41679
41535
47682
46157
46935
44446
43499
46177
46014
40593
46817
47709
42872
46266
42457
47894
47618
46742
46067
42780
40533
49363
49356
49452
40383
44632
44441
40126
43727
42089
40692
49332
41006
45324
49213
41839
42096
48372
44608
40757
48666
43950
41074
42377
43242
42541
49977
46755
45153
40136
49108
40762
41714
41619
49545
43410
48905
46239
44697
41612
49598
41377
47497
48217
48945
40924
45949
43172
45915
44954
44276
42949
47183
48137
46759
43004
44571
45309
44035
42966
40066
43996
47101
44504
43078
45313
42545
47358
43050
46646
43653
49912
46774
41760
45933
46855
43875
46624
42352
47970
45765
42084
43087
48907
43109
47763
46991
46903
44321
45087
47089
41854
42952
41172
40449
45880
44954
49443
43521
42592
47764
47349
47663
40620
41894
46287
45998
44664
42303
43943
41935
41311
41201
44671
41783
46170
46139
49220
48688
43501
47235
41171
42829
49432
45234
43764
43262
45128
47706
47447
40103
46804
44152
45461
41851
45354
42043
42025
41544
49567
44885
45289
47200
43361
40295
45116
46510
49301
40763
43975
43130
47781
42295
47738
42052
43660
46434
42034
44536
49923
49321
48937
48887
40961
47378
48251
41915
46452
42968
47411
47402
40501
44954
44131
42061
49695
48471
46299
46558
48019
45421
44362
49010
46234
42190
42447
41025
48205
43949
45822
41841
46947
45497
43926
44421
48693
47068
40188
48433
44168
49790
42105
48996
42428
49542
47662
46784
44122
49849
47049
44610
47835
44148
41870
47993
45303
45275
47547
42358
48699
45330
48465
47495
45964
42233
49556
40706
48177
40207
42481
43670
46372
40215
49345
44465
43842
42909
41966
45414
44003
41076
40126
49481
43188
40731
47937
42773
42332
40038
43478
48375
41502
43054
43211
47251
46390
40912
49327
45186
46521
46542
45121
40889
40745
40251
40797
49281
46780
42568
49682
45706
48079
47671
42702
41368
43077
45353
47241
47628
49015
42059
44974
46977
44959
41798
42135
41477
46368
45895
44824
45243
46651
46484
41417
46149
49477
42416
43915
43368
49335
47808
40175
41560
46787
42857
49334
49589
49198
43748
43487
41479
47338
43474
49667
40016
43159
48219
47554
48837
44337
44603
49948
47193
46691
41501
45045
42621
46465
46456
41787
40724
40661
40720
42196
47951
45086
48901
47448
42828
46579
48850
47703
43446
48031
44939
49192
44163
42198
43227
45946
42474
43107
40110
47644
47777
41854
47029
49582
47387
47008
42554
45493
41536
48484
49725
49051
48359
47779
40955
45314
41884
46713
44942
49028
40903
41513
40093
42790
44277
48937
46758
44364
48688
46429
46227
49126
48158
48823
47864
40553
40751
40006
47043
48959
46800
49115
45596
46270
44703
47334
43388
42526
44906
43191
44309
48005
40035
41340
42519
43407
49274
42262
45055
49351
48125
48069
45092
45611
40413
42634
46064
49966
48046
42660
40622
46307
45445
49954
49987
41765
49772
44208
48627
42979
45149
49845
46385
42370
48896
40154
45207
46306
40495
46843
40437
48359
49451
43379
47258
42545
46529
46067
41353
43357
43936
47662
49066
41713
43943
44506
46455
48505
42156
49668
48497
40350
41205
41371
49406
45344
42966
48126
42521
40163
42578
49395
43580
43663
45537
43372
44279
46329
49896
41525
44019
49331
49229
42900
46440
41756
48438
49887
43985
49674
43678
41112
48056
46074
49759
46474
44561
46425
43205
43907
44656
40674
46824
47437
48288
48776
42142
41289
43800
43553
49301
45419
40312
41600
40179
43651
40812
40274
49358
46833
43021
46345
49326
49896
41931
49824
40825
43497
42640
44676
46612
48074
44605
46658
47069
40551
48772
47368
49091
41678
47144
42717
45423
45059
40349
43527
40292
47277
42464
45719
48536
42213
43984
47639
49685
41650
43162
42491
45495
48558
43185
44519
49280
49077
47621
48661
48051
44144
49422
44680
43960
41959
49398
48470
49826
48030
48511
45168
44639
40427
44610
41006
48834
44036
48302
43395
45867
49104
44534
41657
46180
46183
46142
44027
41957
41685
43177
40059
46280
45707
47086
41440
48255
46503
42007
48326
46454
44083
46346
42806
46655
48731
46601
45871
46252
48964
41937
49334
46944
47411
42418
49581
49355
42443
46009
45710
48093
47939
49433
40660
43407
43571
45842
40280
46097
43199
47853
41904
45626
49517
47966
41003
47451
48998
49646
41722
44559
42316
41402
44727
49879
41968
43109
43671
40805
40589
48490
49810
44409
40590
40199
42810
42092
48174
44276
44650
45400
42530
48850
42649
40528
44067
47951
47131
47617
43913
45019
48994
42401
40585
42298
42559
41958
48735
41662
49466
43366
49182
49639
40092
43944
49056
44393
49995
44377
45815
45255
40236
41555
49144
46031
42063
46208
40282
41747
48419
41530
49233
44775
47000
42929
46441
40329
42197
45722
47063
43231
46115
47173
42734
47519
42134
41615
47860
48008
47947
42550
44916
48204
48878
43611
45924
42130
46435
41071
45418
48567
41490
44164
43489
44961
46289
45914
46247
44835
44554
46397
45015
46906
44352
42399
44838
46344
44117
42276
47586
48576
48241
42518
44779
43882
44980
42955
40565
46678
46066
40872
45817
46791
44406
40390
40176
41332
43494
42364
40064
44812
49757
41829
47183
42054
46978
44504
43808
43137
40117
41270
48320
42125
44409
49674
46851
41656
44431
44496
44642
43586
47001
45212
43794
41869
41208
46788
42458
47559
48690
41650
44163
47440
47312
44912
45018
47152
41839
41977
40806
46872
45898
47489
45599
42650
40532
47268
48480
49276
46020
40348
45183
41234
45255
46529
47022
46718
48953
45952
40360
45947
45245
41117
46032
49110
48767
48520
49645
41129
47302
46580
40485
40133
47199
48930
48860
44067
42353
47273
49176
45151
45351
46005
48744
45059
43544
41595
40414
44622
47261
43294
40466
40643
42174
48210
41891
48946
42886
42943
47193
47203
40238
46094
44119
43258
40529
40751
42385
44684
40874
43757
49368
43127
41259
49032
47979
42642
40510
45507
40513
44637
40352
46358
48117
43353
48995
45088
46698
44830
43306
45812
46608
49216
46495
49558
45237
40994
46455
45827
48750
44159
48464
48753
41669
49758
44727
40237
40711
41297
42455
48188
42372
49487
41588
46617
42111
41555
43077
45748
46659
41932
48710
44536
49985
40476
43880
45021
47763
41642
45395
47810
44771
42964
47459
40624
44632
44084
40301
47361
41507
48161
47561
43371
48940
45965
40514
43786
41895
49207
49499
45638
44237
43731
45487
41231
45382
45093
47639
49779
46644
48714
45906
46680
49950
44349
41268
44936
49009
49905
40009
41255
45751
42776
42629
40101
42948
47837
42401
42628
47264
49964
43402
43783
45666
45544
42904
40152
42148
41816
48430
43124
40990
45077
45481
46807
47428
48804
47976
47825
46515
40557
49772
44561
46211
42182
42299
46727
41294
41237
40283
42258
40562
42891
44840
47398
40956
40546
40768
47627
48741
40372
42808
41584
49706
49609
43833
47505
47425
41020
46446
41868
41085
46191
48323
42897
42116
48503
40781
47395
41924
42571
49502
47954
41376
40674
46137
49013
46404
48302
49592
44484
43055
40304
46199
46671
49629
46344
48692
46090
43191
49356
44925
44449
42631
43539
48624
48537
40729
49035
46088
41044
43222
48916
44746
45457
43730
40334
41738
46086
49606
45787
43264
40987
45237
42309
48380
45124
46160
46127
44090
43433
49454
47800
42145
48632
43307
48201
41779
46591
41415
48836
46756
42896
45892
40922
49592
47786
45791
46441
40563
43127
46963
40915
44210
44264
43013
42075
41457
41650
46400
40763
41157
42024
43364
40429
40929
46527
46268
49412
43453
43691
42215
45808
41080
48457
47341
48210
48545
44536
42058
46822
40862
46315
43696
48561
41062
48242
49510
46619
40344
44174
44787
49664
41412
46519
47945
48377
44291
45162
46924
47319
42785
49166
48920
48292
48839
40004
48569
47274
41583
43692
48062
40781
47567
40617
46349
49091
48822
46078
43576
43126
45744
41578
41226
49006
42549
46805
48037
49294
44045
44848
46709
42761
43808
48731
46643
45153
45526
45586
43548
41881
41192
45931
47567
49807
42146
49409
47805
49383
41530
45087
42604
40285
49620
43947
41728
43373
46734
43552
48748
49311
41901
40054
49331
49537
49361
40664
43888
48365
49075
40512
41110
45972
41914
41431
42261
40787
44958
46592
44792
46353
47429
44180
47854
42131
43184
45314
41543
49911
41392
46272
46398
47502
43077
42771
49540
49189
47508
44487
49126
48103
49090
41348
49332
49060
42381
49176
43956
41722
40102
41213
47895
42984
46633
43789
42276
44376
47366
48902
40796
44978
42500
43874
41967
42846
42397
48381
44383
48271
40451
42152
49865
40330
48574
42412
42420
44134
49861
48764
49289
49938
42775
44586
44063
46848
41288
48303
40830
43254
45799
44871
42618
43292
40377
47721
47044
43692
42893
44033
46965
48128
45949
41718
44224
46883
48158
44767
40091
48057
47298
44713
46911
42797
49125
49908
41622
41132
48243
40999
43310
46853
40292
40561
43787
49586
47975
47188
42271
49722
46915
49503
42710
47170
41233
43537
45004
48063
42828
47712
49464
44466
42850
43267
47194
40913
48603
44378
47783
48163
44214
41471
49668
48958
48816
43233
47856
42754
41671
47715
48293
46410
49729
40568
48117
45649
49420
48930
46260
47722
41154
42785
49438
49176
41935
41705
44418
43865
48815
43820
48650
45435
43452
45566
47831
45386
45975
45318
40794
42502
44558
41369
49206
41989
45623
44878
42025
42932
48434
41376
42375
40850
47020
40246
47583
48073
41769
40144
41479
48405
42882
49798
41735
44134
47904
47813
44029
42823
45987
42159
49115
48501
42235
49897
48501
46913
46509
40316
49370
47278
42417
40186
49630
43666
43851
48080
49520
47524
48407
45849
47077
49177
49285
49238
40963
40161
49885
46352
45614
40164
48166
42255
40519
42036
41097
40283
47512
45819
43028
45879
47442
48115
45645
46691
40278
46201
41342
43487
40806
47270
46283
40039
45418
41928
44225
46543
44182
47660
47241
40373
46383
42352
44895
40005
47020
40155
49130
42805
46368
41989
48153
45036
44652
40809
48949
42918
49116
47391
44684
46875
41324
45830
40254
47190
48411
49218
46472
48218
43176
45044
41014
40039
44400
46712
42109
40952
40586
42322
49198
41592
47432
44316
43293
41604
41784
43948
48626
42777
42556
42661
46299
48360
42160
48398
40141
46848
40364
48637
44724
49986
46172
43516
45611
48925
42319
41790
42271
49528
41271
49565
44835
47681
41255
46765
46894
48116
45760
49112
47858
45740
40200
44015
40062
46751
44996
47248
47765
47929
45183
43515
47453
46406
42851
48102
41467
48946
40206
48695
49849
49298
47852
46127
48537
44571
45023
40335
45546
46688
45897
43148
40626
43022
48908
42624
48032
41054
43986
44633
46494
45532
46067
46136
45266
42995
41857
41167
40213
47786
40860
44932
49302
45705
40961
43617
42555
46285
43497
47523
47584
42391
42668
42949
48127
46263
49374
43911
49681
44459
40148
48180
43282
40241
47706
43450
45754
40842
40807
48448
42342
48838
47638
40741
45547
41310
48721
47662
42179
47921
42472
49286
49194
49118
48963
42726
47691
48710
45197
45143
43621
40837
48247
48800
43207
49931
40981
45289
40846
43736
48802
47575
47373
43626
44775
47936
46948
43542
44883
47052
41537
48711
44712
44506
43013
47952
43844
43787
44194
48901
44454
45516
41836
43733
46175
41080
46518
44081
40157
45076
46665
47776
41433
49100
46521
46742
40206
41243
40788
44938
49456
45398
41881
47578
48407
41952
49236
48040
48811
46806
43978
46843
43771
48746
46404
47863
46845
46187
48169
40574
42582
43039
45879
43496
48296
40018
47857
43280
40891
42138
41252
45888
41848
45274
42381
41192
48114
44741
49217
49958
46558
46607
41264
42693
44894
48151
48733
43104
42565
47270
49865
45006
40885
41925
42554
40481
42998
49797
43981
48759
40633
45181
49902
49881
46493
44876
43414
44528
48209
47302
41574
41580
42232
49432
47068
47945
43767
44246
41284
40990
41931
47356
44604
42492
47674
45213
49510
44487
45669
48899
42182
41564
40405
46861
48655
41246
40992
47166
42354
43919
48830
44840
40793
46449
47198
42720
40621
49107
42096
44826
41803
43708
49209
49754
43711
41976
42731
47824
48174
47062
47970
49808
47107
47872
41169
46928
45266
45400
46748
41523
41866
42619
44327
45298
48328
44647
45290
47383
43279
43882
41428
47556
40047
45589
46220
40953
46389
43032
42710
49338
40931
47663
40603
40557
45927
49086
49198
42232
41304
41587
42095
47897
40697
48851
44207
43821
46211
46161
41581
42579
44943
49855
49721
45057
47015
47104
46721
46027
41750
45176
43334
49704
45981
48275
43321
40749
46004
41765
43903
43064
42627
48129
47938
43457
46964
46373
46585
49716
43146
46754
43634
42989
42975
45669
40416
42497
46673
41358
43298
46527
43363
49668
44094
47455
44689
40532
47440
40085
45052
40058
48148
41990
42367
40162
45886
41742
43947
47527
44128
45917
43125
46335
45267
48591
43612
44709
44008
47676
40185
43084
46742
40890
46292
43824
45446
40418
41442
45333
40845
49391
43809
40631
41078
45191
46405
49888
48886
44310
48379
48800
42502
40949
46518
49825
42811
46936
45883
41285
42121
43615
42643
40136
47941
47334
46639
47815
48504
48930
46001
44966
45502
44138
41202
40106
43438
46301
41349
49313
44360
44889
41239
48880
41322
43388
43687
40531
43869
47926
48026
49309
44079
43644
42292
47485
42258
49262
43582
43983
47245
41547
48354
47722
47468
40473
42007
44986
45399
42743
45013
45496
49838
46031
41042
49209
47597
48827
41086
46010
48578
41084
46403
43484
45977
48991
42261
43712
46423
43159
43919
48640
43198
43263
46068
45017
49399
43744
47025
44089
46875
44569
49398
48290
41092
48254
49628
47047
41679
49336
49861
46441
43367
45336
46914
42978
42256
48866
44789
40001
47912
48993
49107
46377
42647
46217
44147
41012
45561
49520
45739
43480
40350
45798
46165
40585
42774
41703
40457
41020
45708
45426
46960
45494
47216
41279
48919
47611
49773
43054
47958
41638
46833
43118
44804
46873
46327
42908
47383
44728
49339
47122
41484
43904
46198
48251
44620
41056
41546
40292
49395
49185
44560
40514
48731
43700
40420
45962
41647
46533
44374
47000
44916
41999
40313
43674
42910
44199
41619
41909
45207
44670
43251
45647
49115
40715
40504
47893
42189
49406
41719
48357
48010
49579
49298
47882
47030
44317
45843
40162
43117
49409
49965
49397
45610
49047
49380
48482
46108
48626
47250
46079
49047
45943
41448
42492
45168
46306
45390
43667
47396
44109
43387
49809
49361
43282
43113
40143
47818
41701
42681
48152
41551
40098
40089
42272
41011
44326
48352
45452
44903
40929
40489
43274
42179
49873
44736
44379
40530
45048
41834
48834
45342
42652
43059
49780
46288
49968
49775
41201
42274
42178
42721
49986
49291
42837
41990
43581
49847
44457
46715
45479
47168
49197
46845
49565
42080
46125
48076
40884
45604
40713
44995
44813
45686
44284
46798
48778
42202
45967
44581
40719
40390
47406
49104
46267
49217
40919
43194
42287
47826
45128
43514
47843
40180
48139
42262
44944
45286
47321
40598
40459
47974
46413
42031
47512
43121
45259
45851
49332
44382
44818
47799
41075
47079
40251
47577
45427
43660
47878
40576
45956
49369
47590
44234
48112
45163
40889
47821
41542
44737
46163
48112
48957
42572
47025
42425
46174
40350
46576
44787
45147
49759
40327
40618
46830
40776
43155
40262
43498
45819
41171
41933
40841
41835
47655
40189
48542
44328
43313
46931
44343
49639
45047
48113
40662
44345
44127
40809
44709
43573
44228
42134
42754
43210
42123
43594
46690
44543
49001
41909
46393
43679
48356
40058
44471
42254
47182
40400
40973
40417
40818
45031
44389
47812
48188
47295
41807
43416
43430
42279
45537
40455
41944
43506
45657
48350
43716
47599
47968
49675
44487
48657
44677
46422
45776
49310
40736
46551
48081
45985
42237
48741
47656
41788
44502
40549
46232
41561
46606
42759
44707
40225
45919
40612
46433
47246
40986
40821
43051
47266
43546
41798
45991
49299
40843
43350
49743
44687
47482
41275
48796
47045
42050
41720
48731
45787
47492
49962
43383
48530
45778
48356
44225
46648
46803
48588
45129
42557
48647
44085
45569
46937
41339
49475
47944
49033
49090
45294
40213
43401
46591
47833
43311
42044
43421
45930
43906
41739
46871
48842
47017
42548
47569
41869
49678
44986
44154
49330
46433
40134
42973
47713
49757
49110
46259
45312
43696
45730
47594
48537
46976
48946
46573
49210
42633
49694
45544
41636
44810
40167
40066
43010
49800
42197
41281
45801
47619
45433
42799
46171
42462
45306
46873
48177
45213
45388
44676
49559
48888
48687
43289
41223
48331
47672
47654
49205
48796
43346
49206
44839
44146
49615
44131
46169
44313
40308
43296
41169
43390
42764
42758
41306
44287
43665
48483
42141
43195
49924
41383
46212
47318
49894
49136
42278
42269
47858
49361
44154
41347
47868
44680
41816
47495
41333
43962
47261
40165
46465
45601
47662
43554
46656
48090
48772
49681
49201
40318
42253
49682
45370
49056
41620
49312
47785
43905
42825
40158
41284
40614
47163
46346
49032
42133
46157
47622
46485
43006
40319
43618
42021
46814
46314
40827
44509
48222
49924
43363
44940
40918
45434
40931
41324
40218
45588
42595
43506
44444
40097
42923
47303
42311
44833
47856
45400
44520
48311
41287
45840
46480
46817
49699
47603
45710
44664
41510
46770
41794
41417
49741
46076
49004
43671
41529
45274
41704
44977
45655
49670
40459
43858
49722
49413
42417
46492
41941
42708
42987
47625
48547
41970
47077
40531
46826
43126
47246
44428
45421
44758
42993
45682
48155
45607
40124
47306
44956
46052
41622
49811
43617
41618
41789
45315
49139
44329
43550
45918
43155
40750
44772
46885
44566
43950
43184
44884
43923
40296
41083
41659
48324
40977
40392
43905
40626
42471
45806
40828
46636
49775
48816
41880
46610
41179
48178
48535
42855
43556
43073
45574
43543
42763
43607
49357
43920
44551
49592
42808
40041
47629
42619
49417
46864
41951
48289
41505
42093
42175
45207
41164
49498
48294
44827
45843
40636
42928
41554
44364
41835
47462
45678
43332
44128
47312
42611
48328
47403
49943
40711
49090
46476
47953
46506
42936
45998
43535
40542
46115
43163
49938
49264
48473
42029
40145
48361
42830
40940
42951
40804
46838
45009
41848
48475
41703
48911
42677
49700
49147
41335
41887
46282
45231
41388
48421
42682
47285
48924
48745
46910
48058
45354
46321
47344
49430
48833
43988
42247
46548
47878
40097
49045
42101
40453
47023
48580
49568
41360
43734
45481
43766
49369
42434
49588
46794
46923
43022
44892
47539
49514
48074
41890
43326
48835
45361
46394
43023
43689
44565
42901
41885
45289
49743
43407
49825
49069
49373
43204
46400
43410
41340
43655
47781
46797
41123
48169
43265
48829
47588
41715
41441
47249
42320
46052
49060
42677
45208
42593
48843
45102
41138
42292
46010
41359
40055
47301
47119
40772
45436
42240
48999
46952
44221
43916
49975
47354
44678
47038
40400
48574
47304
40091
44573
44646
47905
49883
41524
47590
41260
45501
47872
44366
48441
42401
41979
41996
40743
45199
44951
43164
48474
43350
40719
47829
43355
47352
44354
42529
49205
44385
45080
47970
46721
41342
48016
47190
44698
40119
46591
41175
41796
44711
45779
46117
40126
42185
44838
46694
44323
49909
47058
42724
47544
49553
43192
42330
48856
44346
44694
43371
44889
49799
42668
46288
42262
49704
48522
45769
46338
48584
42715
45659
46111
48995
48705
41390
44710
47041
40228
46905
49878
42347
41370
48481
49071
49315
40565
46186
49360
44976
41578
44792
43192
44977
46857
49879
47234
43344
41174
41605
43053
43533
46412
48147
45152
47961
41560
43178
44025
40768
45486
46909
49316
43816
43920
48204
40919
49136
46219
46061
43909
41915
41938
42377
46550
46935
42028
44292
49336
47895
44557
43680
46988
43481
40240
43362
44653
46198
48810
44485
44161
40029
43249
47181
46131
40782
45259
47077
48968
48636
42005
43548
46336
45832
41096
41690
40569
43724
48103
48895
40670
42472
48422
48676
40022
43550
43273
48890
40767
49929
47768
48886
48914
41316
47559
40259
46661
42143
49379
48883
46178
48144
49968
41663
42148
43291
47307
40079
48725
42643
47894
43991
40253
48205
43852
43400
44093
44301
44085
42926
48204
46161
44389
43581
45738
40413
42466
49118
43850
49014
45121
49689
44169
48787
46579
43838
47917
47153
48797
40987
49559
40950
46963
40441
49021
49258
45928
49721
44019
43073
46226
44514
40864
44334
41557
44952
44186
44354
43130
48034
43508
46994
40097
44021
47289
45077
49461
45417
43155
49476
43304
40751
46374
49074
45971
41781
47344
46360
48895
41995
42823
47822
46197
46295
44972
40473
49875
46623
46860
45894
49427
45956
43066
40946
47103
43551
49189
49999
46616
47650
44708
46916
40123
47917
49434
46333
45534
48840
45033
42828
43828
47005
49550
43458
43937
49750
44713
43839
40963
40013
42861
40464
42051
42375
42842
42271
43034
48278
41892
42599
48160
44183
43635
48624
44643
45042
40661
49140
43574
46861
43851
43091
48799
46384
49595
40686
45792
42943
40367
46076
43241
47392
43731
45639
41117
45691
49798
48684
40304
40205
47367
48071
40543
40060
44594
46653
45389
43001
40830
41721
45176
45121
42523
43717
41542
41553
47521
47337
40000
40767
48943
42867
40223
47441
41904
43099
47265
44085
43798
46487
40760
49527
41604
40346
43284
43209
47730
48850
43563
47794
49270
49326
44937
49046
44245
46938
44619
41151
42383
42212
44669
47687
47315
48077
41311
43308
41651
43093
45266
48886
46370
45348
42094
43310
41179
47179
48197
48442
43055
44263
45086
49853
46059
43943
41823
44836
46692
46677
43086
40965
45552
41419
48251
42983
47856
40412
45080
43160
42530
41399
40120
40443
41968
45576
46768
46670
42336
47739
41119
43946
47334
41040
45140
45849
46719
42507
46524
46579
44532
47069
44659
46363
41032
47208
42526
48497
46571
42561
45076
43247
45331
48791
45664
46489
41726
47891
43421
46459
42549
42693
46142
40276
43474
46828
45204
42998
49418
47621
41301
45874
44434
43492
42381
47224
48290
49312
48075
48875
43736
42851
48101
43454
40522
42999
45677
43016
49722
45707
40789
47444
44603
46798
42334
41856
42401
41672
42601
45866
44666
40757
42346
43945
42574
46089
49788
45374
47571
48782
42266
44312
47028
49399
45007
45356
49202
43171
47477
47639
41735
49903
44123
40989
43161
43986
42977
40964
47454
43419
42536
45680
47509
47983
44633
46267
44651
45793
48572
44512
47724
44330
49724
45796
47164
46758
43986
42781
46541
46842
48030
45470
46510
46099
44101
46238
43839
44954
47287
44232
41260
45617
42636
42131
42230
48162
49271
49681
48392
42854
48752
42646
46523
41159
45316
42851
46032
45069
46363
44860
47733
49388
42553
47483
49511
44431
48247
43796
44776
47250
44651
41639
45129
47915
49994
47680
49543
43676
43358
42012
48565
47864
41334
47021
43491
42307
49626
43784
47330
41713
44883
41588
46439
45995
45613
41386
49185
41828
44844
41907
40708
47861
41346
48004
40928
48963
40709
44369
46295
43632
42334
44190
44486
45283
43484
41555
45221
42485
46936
48425
49697
45460
44507
41879
45738
46121
44738
44987
45720
46786
49354
45143
49539
48304
49775
46982
45476
41812
41923
43123
47658
49579
44838
44872
40030
49462
46189
46767
43197
44411
45700
43375
42347
43119
45698
44120
41571
40458
46514
42067
42307
46644
43330
45578
41416
42209
40192
47554
47420
41818
46370
45559
41830
43717
40056
47555
46143
43172
44423
42208
44118
47651
41530
49749
43210
48690
40217
49236
48691
40395
45190
40747
48897
47359
45836
46477
40295
45411
44933
43029
46628
47037
49411
48292
47230
49612
47577
40199
45847
48624
49816
41398
42721
49955
42668
43418
49560
45012
49410
46235
49109
49979
43785
44357
48461
45782
47359
48470
48023
48535
45141
42529
46065
41129
48574
49744
42197
45413
49748
47347
41754
41002
45817
49253
47101
41095
47965
47756
41154
47917
45001
40275
43040
40382
47688
44805
45754
44431
46227
48240
40900
42087
49997
44990
46186
48757
45600
49445
47185
49555
46526
44741
46072
44481
45364
42015
46534
49207
47363
48884
45862
42874
42383
43213
42353
46862
40762
48447
48568
48773
47526
49700
48758
44039
48449
45652
41815
43490
40983
49845
49464
48981
42832
46443
43120
40757
41044
49691
41800
49621
44874
43410
47809
44149
46406
46669
46516
48224
43947
44457
41497
46989
44515
47680
46533
49918
43438
45055
41533
48199
41005
40620
40313
49851
48403
44454
44332
40071
47766
40975
48007
46208
44051
48681
48003
46445
49675
47575
41044
48786
46367
45694
42195
42260
42541
44101
48331
45392
48630
40535
49561
47960
47286
45474
44719
40756
40147
40834
45771
44734
47920
40690
49907
45209
45977
45517
47474
49061
43334
46236
48448
42840
48929
42071
40135
47534
45457
46665
44010
41365
47639
40212
40144
45454
48819
41453
43577
48430
46998
42318
48136
45153
49049
49711
49727
41581
49734
43465
42907
42536
40358
46887
41677
41614
40430
46427
47871
42807
44535
40031
48243
41553
45763
49492
44441
48867
46512
40744
48382
45962
47266
47441
49274
48355
44012
47400
47483
47827
45389
48537
44776
47804
41349
40747
40074
42737
46157
42894
44795
44896
49887
49498
42097
42584
44206
40056
49902
42293
40230
44989
48430
43512
48493
46148
49188
49016
43650
46538
43808
45343
49468
43454
47980
47841
42822
41580
47813
42203
48995
47765
43398
49714
44376
47186
47101
46577
46810
41353
42158
48631
48336
42084
40515
41520
49805
41924
47548
42981
41953
40758
45271
48246
42935
40397
44979
41818
47997
43744
44855
48829
43027
42868
48031
47047
40035
40721
41820
46236
49282
44601
49405
44984
49732
45493
41125
46423
46767
46404
43700
43294
43724
44473
42202
49720
41672
46240
41426
41751
40092
42758
40391
41222
49637
41428
46163
47828
46980
44413
40928
42432
40925
49273
49287
40566
48399
46050
41140
48865
48737
46497
49176
48721
44750
45309
49012
40849
49458
40305
44303
41648
48113
48348
48788
47241
46118
46441
42142
43913
44831
42939
46779
44296
48861
42096
48284
47096
40438
46267
43029
44411
48716
44006
42704
44777
44460
49039
47015
41958
43445
44600
42557
49165
45142
40013
48041
45960
46770
41545
43452
40356
46624
47525
43479
41807
44767
48546
43593
41702
43614
47139
40546
46757
45706
47742
47717
47251
41100
47012
49754
46447
42138
46562
40232
49751
49135
45074
40715
42129
46509
44382
49478
40185
45227
44624
43460
40873
44097
46836
47515
42318
49392
47454
40931
43450
49560
48148
42364
48227
49392
46086
40816
47134
45874
44309
42107
43302
46204
49236
47397
43141
46964
42473
42761
41678
42258
47106
46551
40928
47815
44418
44338
45589
47483
45599
49603
44092
48338
44416
42018
44619
40703
41057
44165
45090
49799
44373
41828
43311
46417
49641
42639
48490
45088
41587
42759
48134
49500
47931
41549
45013
46619
46972
49726
47268
42882
43861
47361
41061
48157
44107
44288
49186
45712
49596
46952
40973
49348
41955
42544
48516
42081
40429
43409
41736
44254
46607
42108
40157
42819
46334
40295
42369
47675
49901
42597
45117
45409
45244
40077
42718
45551
45269
46528
44064
49572
49674
44848
48877
48224
43661
40042
47054
48541
40789
40035
44970
47866
44901
45382
40422
48574
46508
44243
43520
43842
42327
49516
44308
41752
42764
40898
49121
42317
41057
45844
46789
49582
49500
49858
42656
48873
42749
48382
43106
47462
45520
49655
45775
45455
42191
40349
40957
42541
48784
43533
47866
45400
43582
41571
45323
40006
41266
44940
40242
42873
46853
41609
48823
45347
49949
40650
44773
45468
46876
48030
46055
42630
48085
42163
46686
41289
40922
41736
42914
41324
43313
48562
43765
44281
42206
43765
44355
46715
41723
46486
46675
44111
49883
40468
46580
41447
49492
45372
47633
49381
48338
46494
42130
48233
46172
48655
47158
45473
41132
47486
48849
46272
46247
44062
41126
40796
47438
46896
46206
46414
48047
48683
42850
47750
41337
43850
44949
42605
41632
46978
47420
47169
46815
41461
48557
49659
49744
42380
48027
47552
43819
47517
47492
49894
48422
45664
46496
42863
43211
41945
49693
43666
46394
45741
42748
45189
40989
47978
43322
41348
44834
41047
40438
41044
44618
46426
40215
46786
41600
42182
48472
42617
46813
44983
41027
44779
46538
48976
40644
47737
44647
46959
45540
47609
46970
47628
48111
44861
44317
46377
44118
48177
44955
46108
41947
41860
44428
48833
48779
49771
40432
48453
45478
49908
43141
40034
44866
45007
46843
41153
48654
46238
47050
46435
46787
48992
48341
47270
49159
42086
42119
44888
43809
44233
40178
46462
47501
44586
49545
40706
44374
47341
46379
41575
45800
43914
41903
46075
49921
40069
41313
44971
42511
49478
47402
43208
41684
49719
44236
40243
47798
41428
42632
49171
46445
46459
48440
47501
46785
46286
46630
41785
49728
47585
49086
42872
40423
47984
41632
48527
47387
41279
46331
45398
46187
48093
48354
42832
49094
44888
42853
46978
43336
41541
46158
44720
49680
45270
47370
43535
49957
46596
40950
45160
46815
41246
48259
48052
41531
40420
46173
46086
46009
40695
43875
48664
43231
43968
44723
40467
46396
47334
48670
47452
40694
42532
42173
49372
43297
44720
46713
48112
46480
40708
44120
45407
46014
47511
46723
43160
41964
43091
43042
44480
41862
42530
45195
43838
46857
44466
42485
40264
49879
44667
46748
48386
41121
45805
48954
48314
40231
45162
43269
46838
46464
44842
44350
49222
47754
42300
45977
43021
47181
42531
44305
42734
40626
47071
46996
46898
42531
49160
40269
47247
47648
48817
49540
42946
45406
46422
45695
41599
40101
48420
48318
42705
44503
44226
49187
48556
46664
49062
44253
42189
49728
43541
49940
41926
42361
47096
40117
47302
43057
49055
43351
41701
45021
48073
46194
42936
49590
47953
47127
44146
45228
45454
47556
43906
46012
43579
40760
46248
48228
42061
47069
48394
46196
45297
43709
46450
48782
46787
40718
47062
46170
48325
40150
46057
42433
41622
44365
43500
43180
49830
40636
48259
49163
46523
43526
44164
46065
40083
43525
44165
47930
42169
40291
48489
46686
49951
41527
47771
43035
43147
43958
42316
44621
48533
41219
44272
45832
46594
44516
40312
49862
47201
45882
48632
47716
43852
40548
45551
40734
48866
44506
43829
42907
45157
45684
46900
46771
43736
42330
40689
41972
49916
40177
47399
48762
45366
40742
43720
49582
47600
46729
49283
40712
43283
46920
49860
42475
46802
42152
43809
40927
40980
46045
49558
46102
42487
48972
46566
41959
40566
41446
42096
40926
43989
43577
41417
41638
47859
40525
49572
41865
48775
40010
48747
49911
44214
46818
46449
46838
49530
41009
46174
48723
43877
41039
44099
42909
44602
40394
42395
44658
48143
46464
42239
40988
44331
43406
47319
46575
40127
46495
41682
42576
48316
44095
44169
42959
46412
44777
45325
44531
41160
41363
41701
46215
44391
40690
46762
40326
46716
47760
47205
43636
46562
45600
48475
48779
43389
47638
43467
47265
45591
47690
43976
43729
45528
43757
45336
47382
46422
45748
40843
40641
48446
43963
44081
46841
44213
44745
44056
48608
47107
42009
40177
45984
49407
48570
41537
48731
41015
49153
47712
40355
43709
47752
46329
42355
40360
45615
46055
45953
43273
42552
42301
45136
40940
43494
46964
49230
47873
44244
42820
45411
47906
45264
47794
41581
47364
49957
44288
47856
40876
44424
43963
40537
49201
48928
48955
45902
45449
47435
46351
42399
43329
40503
43943
48894
48654
48508
41787
43534
43216
46759
45865
42450
48390
41388
47297
40056
44318
45082
42982
43025
49375
44693
41261
48132
43781
48555
49292
40136
40659
49943
47164
49615
47648
44520
47475
42223
42233
43859
48090
40265
44380
44145
40101
44642
40773
49045
42627
40251
45959
48370
41028
40746
47062
49654
45352
49181
40383
48063
41385
49541
40125
41128
47549
40379
41829
48752
47071
45895
45614
45628
46340
41640
47278
42777
47178
41764
48495
47252
42874
42183
40884
44222
45245
49431
42555
43638
42756
48033
49891
44461
47769
40220
41790
43049
44369
40564
48369
48694
46886
44662
41197
48562
43255
45412
47572
46300
46616
42595
47013
43438
43222
41506
44204
40384
44622
44181
48951
44289
47342
42431
40367
44339
43859
45296
49451
41143
44492
44848
41515
45808
41060
43288
47508
46002
49623
41209
41157
40869
41443
41575
47096
43997
48402
46478
43642
43812
41581
44055
42746
43751
49401
41099
48781
40355
44830
42809
47294
46031
49494
44932
44620
44642
46234
45072
49366
42314
40629
49376
47134
42896
46327
47948
40612
47353
48632
47419
48142
49050
45734
41848
45249
42347
47215
43834
45236
40233
45003
46122
46940
47822
42851
40248
49994
42447
46558
42874
40549
47822
48673
42307
43290
49291
48215
47418
48818
49506
48069
48678
48970
49088
40146
46364
46500
44759
41133
44091
49700
48258
49732
46816
46985
42925
49638
41176
41259
41298
41199
42639
48961
46240
48694
48290
44080
40210
49463
46294
43157
42096
45755
43093
43316
48739
40088
47196
41683
48716
40139
44071
41232
49267
49785
40092
45037
43351
48724
44753
48201
42714
44351
49424
44298
44602
45991
47836
41101
44296
43473
48146
48543
42959
49065
48955
40400
40507
44304
41996
40043
46166
40929
42308
49712
45146
48232
42676
42264
48522
47476
42889
44123
44774
47746
45921
48209
45696
46549
42526
46074
46427
42829
42952
49153
49179
49652
49471
40075
42954
48769
46256
46306
46967
49481
43761
40070
43823
49828
43211
40430
49577
48948
43080
45705
41740
45665
43488
46971
42992
49856
46342
46319
47952
49929
48748
46724
42650
41897
44726
43931
41570
42944
45577
44588
45063
45125
42396
49013
40759
42899
45163
41436
46177
41582
41617
45346
46172
42444
45667
46647
48079
44229
49507
42736
49447
40121
45781
41334
48131
43854
46148
48895
42141
48544
40450
44816
47166
47119
46280
44255
42950
43726
42223
49364
45816
41407
49303
46029
43553
42487
44213
40756
40589
44634
44826
40285
45948
47341
43157
44701
43799
40699
43469
43339
46622
40790
43529
41644
43942
43720
45162
46243
45413
43429
46201
45015
45623
46733
49665
48666
49400
42773
47623
40439
40638
43012
46520
40960
44702
42240
47993
45970
44312
40678
44187
45683
41503
42174
49404
45865
43686
43756
40569
42389
40184
47353
47431
42951
46670
45351
49664
41958
48891
47871
42153
47124
43751
41096
41564
49271
45408
42827
47066
40009
46360
43549
45532
45495
48676
48714
46882
48333
48509
40697
48387
43795
47812
46951
47671
41039
40781
44228
42914
44744
48978
47443
45351
47691
48293
45737
43527
40221
42964
47598
40965
48190
46726
41537
48926
47097
48811
48720
43757
46372
43018
49230
43952
44486
41353
44174
45504
42488
49836
41705
45387
40855
43013
46257
42079
42140
45407
46724
48910
49786
42708
41175
40739
41693
42838
42775
46948
45670
47217
44047
44091
42699
45497
44330
49637
43133
42864
48347
44234
40388
47577
42195
43633
46470
47858
46698
43038
43757
41440
47111
45982
47891
48163
42438
47049
47285
45831
47255
42795
45854
42218
43862
47981
46835
41588
42829
44941
47285
42396
45562
42291
44761
43919
43381
45488
49968
43513
43776
45796
41779
42875
46031
46117
43891
41282
45160
41821
45621
46100
45274
42247
42854
46018
40897
43845
49023
40476
47496
49076
40098
49490
40559
46132
42089
41752
45909
43289
44280
45231
42637
48310
46559
43766
44027
47636
44550
45193
41142
42389
42025
41355
48379
48127
46043
48072
40211
43187
46644
43565
43601
46055
49562
47170
41110
45636
47366
46249
45591
49589
41747
48134
48570
44953
47234
45667
40867
42143
44516
49440
45850
48155
49793
47185
42819
47267
45065
40954
40452
47881
43134
45667
47994
42280
40228
48438
44905
42009
48631
46673
48099
45365
41468
44340
49521
45040
41891
40065
45872
43359
49301
47730
46545
49731
45971
40106
45488
49969
48439
48727
47616
49941
49397
48676
40670
46630
47441
45267
48938
48185
44016
40685
46162
40733
49157
42575
41099
43854
40232
43309
40734
48467
40763
48177
42924
40593
49657
43123
42375
41970
44663
47811
41304
43796
47723
47755
48849
43047
44064
40096
41390
41721
41280
41148
49265
48164
49496
40297
44087
46169
48739
44046
44841
41943
45079
46043
40248
41233
42786
43785
49511
48899
45815
40354
43483
41072
48205
40016
43543
45629
49708
49824
46013
40204
49856
45436
45845
48192
40987
48311
44455
42276
48345
43147
43099
41901
43227
48986
44982
45806
43423
44741
46413
43249
43660
40100
49750
47859
47653
45701
48631
46212
42464
42303
49017
49147
45388
47238
47988
47630
43308
47890
45863
46510
44591
46146
46252
48922
43964
44803
42928
41283
41551
46799
42035
43832
48253
40758
43085
44492
41011
41865
42429
44460
43125
45335
48455
42390
46774
40867
48628
40282
47165
40397
44676
48275
40303
48164
43706
47401
49305
41673
49858
49100
47368
44478
43216
47747
49038
46871
40116
47825
45273
48556
41765
40456
41919
48163
46104
45002
45707
48067
41243
40156
46644
49399
47474
45566
40748
41346
48852
49379
42499
40902
44653
49308
42072
44072
45621
44838
48458
47187
49873
46003
45900
47497
48548
49785
47737
45466
41854
48680
48715
47317
42051
47175
44069
45290
41058
41001
41307
44790
46888
40883
48509
42167
44933
47225
41157
44198
47197
44664
48055
40524
45057
45743
45732
43269
48842
41124
49862
43855
40591
49651
41704
45640
44712
45396
47350
42407
44962
40340
47637
46979
45139
40762
46992
41259
45195
42586
40199
48860
44114
45953
47072
44145
45791
42108
46411
46991
44441
46331
42193
40865
41581
49069
46994
42908
47517
43713
49841
48653
46465
43513
48339
40715
45881
42030
47777
40331
47446
41192
43150
43001
49212
48572
43561
44621
45882
40777
42289
42504
46936
43031
49981
46450
40356
45920
42867
48649
43095
49079
42691
47613
48095
48147
40125
40547
41664
45696
48841
40638
44340
49062
43132
40562
42954
47988
47982
41206
41585
42829
46850
45049
44289
49707
49050
46976
43099
42418
45603
41356
40603
42216
49699
43173
47645
45589
45479
42704
43134
47110
46789
47781
44809
49082
45719
45038
46868
42228
49311
41700
42857
42011
41625
42452
49910
43281
47532
41718
43527
41910
44025
40290
40427
45824
44665
46643
40678
49430
42830
47528
49353
44794
49834
49455
42202
40156
44738
42533
49496
41347
43637
40824
47121
44517
47605
48803
44220
49212
40091
41851
42279
49270
46533
49789
41376
45300
41249
46371
45540
46536
49212
44405
40625
41786
43275
45689
44916
48858
40555
47320
44840
49385
45274
41086
45522
41263
49160
40640
48734
44074
44653
41945
48795
43807
40655
46073
40383
41947
45316
49866
40869
40568
45435
49195
43813
49471
47473
41595
49535
43579
40864
49896
43312
48836
40358
46149
41692
42663
40454
45630
42623
40651
41635
43962
45708
44659
45078
46554
44700
48687
49797
48414
45602
48010
43746
44165
40169
43926
48332
42606
46459
41180
43984
47535
45179
47606
42951
46705
43003
45901
44360
43749
41796
45521
45673
43745
45723
48698
44198
41638
46596
48277
42041
44202
41488
46692
47999
40422
45647
44754
40277
42223
48046
46142
44644
47353
46512
48478
43650
48837
44333
44711
43880
40965
40463
49145
49851
40015
41006
40926
45152
49034
40555
44017
43665
49932
48098
46820
46320
42841
43734
46423
41733
42264
49239
42217
42280
41856
47630
41075
40684
44894
44323
41650
46054
45421
45213
48456
42428
45867
45064
47379
47368
40562
42971
42968
42910
40941
40333
44495
46270
47502
40767
42100
43102
45598
40708
46574
41819
47002
44052
46323
43519
46860
44136
42873
48383
46113
41587
41946
46068
42761
47135
40527
44599
41456
44346
41662
49497
49822
48433
47746
42518
41614
43755
49997
47242
41397
44478
46458
46976
42755
49940
43411
48965
42219
48718
45410
47741
44076
43147
47251
49570
47017
49069
47173
49469
42176
43991
44312
41975
43545
40489
45047
46998
45956
40704
42201
42447
42879
42070
48329
46042
46144
44048
49259
49778
42326
40557
46939
41793
46061
43047
41246
42093
48809
44713
48853
40509
42708
47215
43534
47578
43071
47452
46349
41584
49799
43439
46018
47923
47550
45132
49525
40176
46817
48171
40477
45758
43278
45943
48064
42910
40720
48111
42624
49885
43661
41800
44737
41703
49377
45034
43550
44580
45473
40643
46604
43247
48346
42925
47804
41771
49948
48574
42402
44196
45100
48088
47830
47363
49283
43731
47090
44584
47289
45400
46993
45515
46438
46328
47032
44526
44148
46355
45907
47144
48558
41762
41786
41730
42659
47087
49310
41459
46890
46203
40988
49870
42552
47015
43199
41803
48525
46593
47296
40346
46763
41289
44455
49598
47844
49447
48879
42485
46437
42686
47686
42678
47984
45397
47424
49707
42090
41139
46516
46805
45213
48861
40137
41706
45022
41547
49046
41648
41539
44786
46711
45182
45586
43032
49701
45025
43411
46847
44753
48164
47417
45322
42218
41691
46876
44036
49620
45452
49218
40400
40970
45455
42021
45054
47173
45243
48206
40106
40373
45930
42074
42408
40395
49447
41827
42843
44595
43692
45000
40635
43366
42757
46822
45051
42297
40142
47952
45576
48579
48007
47272
45617
43625
40862
47427
44091
46047
47847
45704
43893
49191
43751
40468
46156
45204
45282
43862
44462
43264
45727
44787
43730
43068
48118
42254
44346
45889
44296
48137
43332
44633
44843
40072
40792
41176
42762
49796
41718
43979
41992
49575
40330
41479
40377
49513
46589
47076
45531
41558
42230
49684
41218
41764
46738
49743
41295
40996
42065
44349
48076
45683
48546
46765
42029
44454
43499
44903
40153
43495
48250
40619
41062
43395
49008
46645
45852
42826
41888
40798
45157
49956
42660
47769
44445
40731
47345
47213
41576
44307
40646
43133
42919
49790
45401
43638
46899
45204
47708
42001
46777
49130
49211
49687
47633
47815
40138
49493
46094
45719
44112
42288
45156
45445
48510
43959
40605
43787
42194
40137
40028
44241
45808
45009
40128
42721
48525
47117
43217
42490
49108
49426
49096
46293
48463
43132
44271
48615
45494
44685
46504
48566
47962
43364
48974
44454
45356
42306
45044
44330
41277
49414
41535
42943
48743
45771
45724
44428
43004
48295
48842
41793
42928
40227
46768
48809
43847
47774
46818
47260
41862
43702
48064
42671
42037
49027
41425
44625
40662
42066
44979
43546
44814
40078
49345
44465
40817
42454
47804
49664
46892
46020
45895
46339
44262
42386
45630
42475
45311
44464
40186
43961
46988
44309
45945
48643
42597
47228
40104
48499
45354
47783
43735
49404
42642
41704
42108
49066
40768
44042
46389
47607
46220
47918
43423
42030
40888
40155
43175
45307
45550
49727
46646
43228
48023
42514
40608
47258
49821
41150
49304
49697
47893
41877
47468
48155
46096
41305
43413
40019
44399
44686
45780
43976
42504
43922
42571
44876
48590
47896
46529
40286
43137
49912
46621
41926
42475
47038
41409
42834
46568
43980
46435
41603
40845
49736
44394
48318
42399
48734
43839
42923
46779
49414
49414
45653
42760
42292
44240
40927
48984
46418
42931
40597
48162
47851
41975
49837
41648
46271
42703
49096
49634
46186
40933
48541
49955
47298
46520
47183
41540
44582
45485
47503
46940
42346
47214
47799
42007
48147
49259
48705
49839
41813
42712
47378
40364
41997
41806
42708
46599
47738
42443
47546
43516
45290
45685
49461
45718
41145
43869
49796
45665
40583
49018
41922
45072
47402
45442
43477
48282
44485
41048
44133
47894
46797
44772
49962
49764
48086
40734
47818
46577
40061
43291
48336
46668
48148
40936
44120
47454
41085
41212
40461
40956
42510
43213
49584
42223
41523
49056
45767
40147
45708
40786
47972
44190
44543
44558
48621
49803
43280
49698
42024
49977
47424
46215
43632
40263
45720
40713
41762
49875
45243
47294
46731
42022
45576
46990
48442
42493
40376
46563
42387
46700
43655
45073
45745
41882
45026
44545
49809
42978
42820
49239
42325
47781
46532
46595
43484
49450
40349
41737
42302
42163
47651
46565
45900
48779
42337
43962
42805
47736
46570
47367
42815
40084
46118
46103
40177
46570
43856
47214
43912
48971
49176
45297
48918
49511
46079
42828
44198
47120
45535
44836
40004
49539
48332
43405
44000
45836
43091
49469
47645
44751
40372
41632
47902
40498
47872
44324
46119
49115
43615
40529
45482
45290
43696
47499
40751
41671
48705
47428
49204
40156
48209
48869
49666
47337
45887
48856
47296
44381
48776
40124
45402
44987
42914
42625
41996
43705
44201
43605
47986
40965
47698
45915
45992
40398
40761
49954
43582
48699
45463
40633
42422
48204
43514
47135
45302
47573
42590
49848
46276
46565
46374
45851
45291
46731
41910
41579
47560
41043
46923
48904
49685
41975
46651
48740
49073
49353
44430
44537
40536
46411
42782
46507
44137
44922
42073
46291
41319
48021
41968
40928
42149
42385
46810
44426
45110
49814
49868
45041
42291
41935
42911
46433
47046
40730
47005
41289
48259
41941
47593
46687
45161
47950
41927
41542
49363
41749
49769
47771
46205
43785
48891
48492
45838
49072
45353
48523
45547
42804
44803
44725
48737
48896
45125
46325
42758
47370
42619
48246
47234
43308
43621
43693
46984
42232
40964
45764
48713
44157
40019
41697
48705
41368
42165
47507
49474
42974
44513
45247
46982
42703
43448
49869
46421
45049
46135
47797
43794
48905
48515
44673
42575
47099
40516
45491
49569
44895
49224
46338
41772
40418
48550
43299
46507
45247
49612
40746
40389
43940
49446
48182
48801
47144
46970
42088
46454
44128
44144
46820
41350
47047
47213
46483
48993
41091
47563
47946
41072
41743
44262
43664
42961
42856
40674
41828
47420
46946
45663
40511
47612
42207
45853
41927
41197
49092
49179
42723
48661
42989
41515
46281
43271
48524
47577
43426
47083
45324
44478
48653
47299
44699
41323
49990
49909
41615
41062
41977
43058
46605
41445
42865
40862
47782
40379
49141
49477
44036
47247
42701
41193
46626
45798
48652
48985
47907
46144
44561
43563
42745
43059
45219
47264
40245
45306
40510
44322
40912
46023
47789
45022
47054
47368
44362
42042
42330
43515
40081
40874
49691
44914
44884
42652
45671
43253
41157
46935
42930
40968
46240
44020
42332
41340
46062
41241
40375
45222
46967
45351
47801
48276
49081
