53580
50389
58214
51269
59236
53555
54995
54646
53845
58192
58204
58923
56706
56412
54877
53433
54509
52314
57957
52582
58154
54737
50234
53696
51325
56041
51162
53759
55463
53428
54227
50355
58848
57035
50723
51301
53198
52088
51703
56913
59885
50792
53640
58615
59212
53298
54929
57702
50473
56088
59706
58453
57525
50417
52692
50524
54486
53097
53757
56543
58808
56799
53742
52217
54474
57330
53684
57849
56349
50871
58066
52185
57830
55060
58952
51752
57832
53952
51954
51431
59903
58410
56843
54948
55791
50268
55346
57130
58129
50751
56143
53336
52090
51031
52428
55290
53819
55586
50520
56702
54274
57039
58960
56526
50667
54578
56296
52476
54152
56678
52310
52504
51615
52893
51858
57363
51457
58763
52663
53071
58147
52509
58420
58120
57933
52117
56401
56632
58638
56669
54376
55284
59710
56310
55108
58805
54834
51139
57960
56135
58305
50472
56193
56884
58097
50425
55449
55679
53119
59584
53596
50163
59479
59623
54619
56944
50756
50183
59568
58654
50261
55070
55709
54377
59044
59866
50980
55236
52035
59443
54583
56632
56085
57530
56162
58780
57943
59490
55354
57538
57205
53758
50734
58277
59166
57040
52165
56531
55136
53251
53397
50530
53276
56473
52375
52353
51308
53736
55193
56420
53540
54293
55864
56284
58571
58263
58167
53313
50781
58992
57693
53721
58221
50292
51948
53630
51910
51847
53836
55378
56681
53494
59198
52119
51712
51833
52216
51898
59671
50687
53414
56883
56994
50297
53777
58168
54240
58801
55068
51683
54707
53578
50803
56129
51497
59305
54550
59570
58128
54219
52227
57361
55396
56002
52892
50379
57714
53943
58148
59246
55432
54603
53758
57124
55725
54059
58282
50985
53595
51004
52668
58835
56216
51458
51577
58258
58428
57667
51935
59877
54510
50866
56719
57837
51556
50035
52292
58282
52735
56511
55752
55903
54518
57372
54690
58146
50550
58882
55540
56402
56275
54974
58233
53622
52635
54730
54301
58183
54220
57133
52735
54543
57074
50981
52931
52250
54072
52788
56875
56229
51208
55729
53355
52878
56476
58271
55424
58507
54079
51962
58625
58914
50679
54064
51520
51474
57052
52198
51995
54030
58133
54973
52471
58071
56726
54688
54693
57234
51362
55649
50059
55972
56734
54347
54625
57410
55964
55852
58823
53853
57526
54086
50736
58194
56086
52386
58302
59565
55749
54700
50246
51958
56226
57113
57701
50265
57314
53987
58502
54215
54719
52957
53977
57023
50760
58244
53656
52199
56754
52321
56802
58964
50012
51829
50911
53946
57272
54823
56391
54476
58134
52926
53551
56639
56601
53766
52670
59516
56183
56202
50491
55515
54180
53266
56755
55572
53762
55502
52555
57132
58215
50432
58226
52294
50372
52252
52239
53263
51627
59536
54169
52361
59172
57740
54151
54231
57148
57568
58463
58599
57237
59930
55885
52956
56898
53099
52283
55905
58927
57974
51532
53511
54315
52863
59310
53010
51466
50098
52575
50473
58781
52979
51607
51617
54318
53006
53370
57865
55786
54214
54652
52960
56490
53485
50969
58965
58005
53213
52496
54320
58336
55364
51486
50785
55114
54106
56522
50536
56978
57492
57749
59498
52715
57401
53794
58045
56946
50908
55453
55614
53210
55588
53450
51509
50126
55851
57549
50172
53987
57356
52144
55541
51640
51791
59093
55775
50754
54850
51982
56590
50731
56135
57285
58708
56386
50863
56961
52520
58283
59770
53906
50978
58137
55404
56359
59911
55056
50121
59915
53522
58553
53529
56071
51633
57248
54867
54396
54404
57957
58866
51361
59731
58486
52002
52605
58270
58844
59744
57009
51156
59840
54383
50330
55862
55044
57337
53320
56376
51971
59451
54305
54871
50999
57740
58989
53422
56007
57266
50890
55927
59021
52391
54284
52394
52255
52541
57751
50006
54852
53751
50530
57968
58344
58824
55761
56051
54417
55659
54365
59950
50903
55506
50866
50093
57083
50274
57753
54409
57381
50798
58113
59656
53307
56016
57229
50434
57104
56368
52592
59743
57003
53431
58337
50044
53167
51779
54510
59193
55495
58373
53767
51307
59278
59404
58118
58684
52389
54441
56139
57185
58136
52981
56729
54191
51239
59066
58925
55167
50459
55468
58540
52170
50342
50178
51485
55210
56263
54366
50495
55272
51511
52849
56691
56041
52476
55168
59917
59863
58200
57845
52115
52348
53517
56113
56123
59148
50798
56487
58258
57910
53917
59888
56760
58189
59481
58742
59800
52190
54593
50454
56085
59593
57441
53955
58342
50453
56885
55668
54918
51177
59867
56139
57619
59920
50937
58844
54483
59389
56514
58232
54667
57023
57546
54934
58887
54769
58225
52245
52902
53280
55063
59492
53436
58255
50242
54700
55616
59846
55459
51074
58535
59606
57674
59287
50836
53260
56152
50248
51389
51746
50959
51144
51045
57449
56699
50874
50234
57299
51684
59683
53734
59510
51950
51825
58326
56132
51602
59358
51256
59314
55773
59799
57410
55165
50214
50321
50970
55484
51945
56396
52904
54255
58746
53342
59142
52758
51316
55129
55509
54445
50896
55939
54580
58309
56839
56518
56496
57354
53180
59112
50492
57036
50583
51946
56371
57005
50250
56605
55521
58377
59308
59429
59157
57881
53018
51104
57460
59681
57730
56973
57025
55498
59945
54296
55599
53673
51051
51680
52489
58279
54352
50184
50200
50060
50879
55261
57895
52021
53092
53590
50061
53814
51124
59129
54436
50747
54445
58254
51661
55161
52977
54731
55416
50231
55582
51441
55846
58832
50573
57283
50983
52977
52456
54469
50550
52604
51443
53571
54072
55954
57460
51077
50508
57670
58346
56991
59772
54866
52717
58045
57459
55884
51601
55475
52845
51253
59341
54979
56797
51413
53497
50488
50633
51207
55534
52675
59154
56837
58907
57741
51071
56992
58858
51977
57903
56240
58683
52796
58029
55362
50539
57545
56029
50328
54960
57221
58723
58860
52159
53440
58374
51108
59944
53466
50410
58896
57576
59951
57721
56177
52307
59115
56097
51879
55437
53568
55684
55155
57777
53684
51490
52206
50125
54519
51898
53299
53033
53627
57917
58390
51498
58790
57475
59839
54498
53718
58433
51114
56268
54027
51201
51080
56142
55464
56856
54511
56373
51257
59461
50796
52889
55724
51948
54442
52192
56821
53355
52974
58728
51190
51465
50077
50962
51442
58994
54427
51140
56899
53312
57559
53232
55846
59442
57330
55930
59434
53522
57047
52726
54839
59294
54211
59076
57988
53291
56913
57452
54268
55344
50442
54686
58944
59790
51403
52413
57764
59348
51751
50676
52142
57986
50530
56770
52700
51337
56830
56264
59497
53194
53507
50819
57257
54465
57533
57878
59125
56590
59494
50611
53033
54867
51744
52591
50657
58409
51953
50596
50089
52504
56424
50673
59878
56057
55407
57113
53864
51473
50895
51368
53390
56862
55879
58098
55863
50757
52891
58494
56429
57689
58816
56858
52529
58887
52416
54973
59525
56150
50769
50256
59226
58504
50949
57886
52158
50632
53630
54158
58733
59286
56042
58156
54070
58869
52720
51508
56174
50225
53832
51469
57413
57291
52499
50863
54789
54723
54527
59519
55376
55863
56200
55755
59467
54487
58393
53192
55476
55657
58179
57720
57452
50706
52279
51787
58158
58876
50262
58360
58136
53477
59232
54871
53883
53547
55875
58268
56355
52955
56224
55873
54361
57632
58259
53192
56100
58219
57547
59022
56093
59760
51550
50270
54054
52312
53900
53722
56885
56320
56013
59698
54881
54442
59716
52976
58509
57144
51223
59684
52663
52823
53770
54951
51155
54492
53477
55025
55418
54117
50598
59291
57855
52583
56234
52180
52098
57979
52772
52279
59543
57383
54862
56172
53988
57654
56571
57448
53897
58890
59492
57183
54923
50125
56084
50741
53651
50636
52252
57187
57226
51772
53288
51833
52522
53624
57696
59470
52795
58030
54128
55694
59429
54449
57683
56402
51244
58020
53163
51019
54162
59807
54532
53294
59511
57622
51787
54612
50161
52131
58709
58706
59855
56977
57585
53327
52581
53573
59853
54052
55653
50888
54859
57672
52292
58073
52437
57854
56900
53101
58855
53677
58998
53715
59825
52494
59846
57935
58736
52123
59112
50132
53046
53823
57669
55252
56850
56735
56577
58153
53056
56469
51603
57222
54304
55449
57285
51437
57776
50202
54434
57881
55419
51340
50254
52320
57706
55207
50782
58946
56073
52323
51240
56594
56396
56616
51075
57869
53497
51228
56931
54453
54562
51146
58639
56601
57539
50344
50405
57320
59148
51203
51811
52049
55955
57040
51004
52804
51100
54294
55487
51698
58759
59566
54293
52483
58171
58113
59033
50376
59166
54622
50262
59768
51518
54130
59951
56644
51170
50818
50446
57556
57397
55062
55239
59772
56307
54609
57119
57913
57746
54048
54832
50797
54619
57812
50224
58491
55925
55913
54067
53626
57383
58307
50211
52938
56436
53335
54561
54669
51627
58033
57446
54998
59872
53303
55433
51968
58978
54855
51340
58540
56925
51690
59271
57311
53881
57434
54889
58248
57701
56307
59772
57299
58732
54681
52764
58187
55174
51285
50455
51845
55949
53903
53629
57981
54025
58139
56374
51086
59546
54246
59849
58820
58690
51360
53233
54172
51220
54529
50245
54035
56887
58896
50828
55927
58514
57078
54068
51456
57415
50361
50221
59840
55078
51655
56860
57286
53518
58338
56566
58375
55579
56092
51346
53713
55597
50615
51999
54073
50294
52719
59048
54999
59569
53710
55506
57424
56920
52203
50764
59246
59641
50544
59182
59973
59651
58884
56584
55601
56823
57597
52799
53666
58056
54225
58613
59094
56929
59419
51091
59873
50791
57460
52049
57860
54383
50827
50678
54106
51692
55061
52799
59952
50618
59656
56030
54867
58290
53110
52282
59486
58332
55406
56406
57644
55276
59183
52595
54340
55424
51642
58157
57494
57964
52850
57691
50133
54874
52494
59329
56220
53292
56393
58753
57704
59368
56110
55964
52594
58392
59835
54410
53834
51953
50420
52026
56623
59277
56890
58964
57418
56510
59049
57354
51321
54677
50935
54307
55831
54342
57741
50565
57967
52566
52603
53664
58704
55653
54149
56321
53328
59422
53099
57851
58835
57218
56329
58860
59824
54756
59837
57200
52471
50027
57797
56232
52106
55944
53512
54818
53685
53201
59507
52125
56030
50911
58190
59343
50062
52950
51593
54712
58497
58703
58536
57862
59438
57885
50223
54435
59147
50478
50767
52155
59913
54460
57428
55124
57365
55969
56442
53929
57855
58830
54255
55386
50596
52942
50683
57204
51136
53930
50082
59659
52432
59705
58933
58521
57316
53043
53466
50859
51449
53197
58853
58132
59007
53661
52367
59023
54280
57688
56453
57825
51140
57928
54091
52879
58886
51655
58071
53578
57370
58440
57818
53727
56515
52842
52285
53673
55325
50714
55063
53584
53318
54069
58380
55451
52959
56088
55909
51974
55098
54812
50444
56372
50696
51364
51384
58293
51174
56096
58731
57545
56629
53975
54817
59159
55835
58755
52351
50377
54472
53956
57529
52667
58350
57572
59928
59526
56506
56522
56720
53954
55034
56363
57299
57813
56244
51538
55888
58989
59320
51527
53866
51249
58042
58664
50641
56012
58331
54109
51711
54856
53372
59469
55256
56525
56921
52917
54055
52438
56000
50305
57825
50258
52669
53721
52185
55961
50787
52225
54354
51007
57789
52088
52434
52720
53335
56741
54655
52791
56450
59882
57325
50942
50217
58695
55389
58200
58467
57966
57475
57001
52002
50062
58109
53384
52850
50160
53366
59903
53819
50937
52657
56580
57178
55970
58577
51202
50671
56529
58760
59585
51292
52156
58586
51024
57233
51426
51186
54113
56256
55652
51743
53342
54362
54933
56306
57420
52093
52892
51505
56192
57042
53770
50411
54136
50246
53073
51555
54972
50988
50918
52646
53700
59263
55409
57879
59494
57649
51903
57895
55331
54665
52889
54432
57966
59815
52300
57493
54925
56481
57607
51473
53548
52574
52761
58088
50815
50431
55179
58179
51659
56836
50341
51528
57794
51224
58302
53637
58698
55154
57423
51119
51320
58953
51990
52822
55335
52061
52018
52088
56315
52066
55515
56655
50052
53667
55742
56637
57477
52884
58613
57740
51073
53717
58254
56399
50513
54142
51978
55898
57377
55863
59440
57684
56208
57541
54584
50075
51936
54361
53138
57342
51748
57769
52884
55755
52845
57916
58691
59607
56209
57987
59412
59443
50521
53919
59114
56766
59625
55241
50844
54360
51622
52782
57170
59013
57546
56782
58033
53920
52853
54619
53143
51331
55511
50779
53085
52105
50325
52976
50588
57760
50339
57386
50991
52335
52634
52858
58857
55899
57654
58651
55868
58941
58314
52764
53694
56990
57564
58241
54345
57833
50842
52970
59670
59454
52901
54454
51132
55471
56846
54768
50765
56197
56941
52507
54306
57741
55686
57914
57880
58573
50017
54560
50368
52831
51076
55981
54561
52334
56935
58467
51592
54719
57903
51872
54741
53425
59611
58725
50719
56360
59912
58201
58765
53969
51849
55591
50522
54194
56418
59768
56514
51315
55656
50863
58303
58055
58718
57878
58894
55464
51030
51271
57826
53095
59349
58692
51493
52766
53617
52989
53767
52824
59875
50375
56691
56205
57165
53213
56183
54865
55361
56244
53008
55143
50176
57313
55064
53521
56186
53643
52990
59869
58684
52500
57493
55770
50381
50791
53405
58806
59560
51516
52461
59771
52136
56304
54060
58724
51267
52310
50869
57496
54654
58638
54003
50816
51474
52172
50766
55585
58006
55164
56425
57978
53448
57310
50353
51029
55160
53115
56026
51168
55631
51347
53793
50768
51836
57121
55158
55158
51323
58704
57370
56832
58372
50568
57513
56573
57883
51359
56039
51104
54237
50499
50658
59532
57357
59948
52893
56310
58379
58283
51204
56769
52958
52695
56602
52348
51060
50793
58894
56570
58297
58132
54349
59554
55345
59302
58403
58381
58796
50104
50315
52991
58912
55830
50136
52446
57183
56021
52242
54390
59336
59174
53816
51312
57488
51843
51114
50821
58528
55338
51151
53573
54461
59766
51507
51705
54481
59601
56367
52678
57811
57096
52626
58274
50989
59935
55892
56184
53198
57274
52590
52067
58503
54014
50993
53280
54374
56548
50987
51573
51796
54530
59642
50949
53402
52243
57251
58630
52587
50053
56408
51615
58358
51133
54889
58654
57796
51142
51656
57628
50435
58865
54102
51336
56604
53965
53852
50429
54859
53938
57847
50881
51955
56121
51261
54769
52536
52187
58860
57399
54693
51916
51814
50804
51837
50274
57700
53556
50983
56800
52451
59443
52443
59141
54337
53078
56182
53214
51725
58786
55659
50914
58332
50211
50821
52547
51940
52012
58114
55236
55149
51745
56874
50452
59639
59557
58253
53489
58625
55693
54963
55237
55705
50949
57552
51912
52158
53236
55673
51558
58883
54139
50852
57053
53633
53033
50641
54142
58999
52683
52733
59566
51636
59494
51572
58766
58681
53637
59350
54809
52990
59116
57861
50224
54845
51493
57630
51229
54155
51500
55981
59495
53767
56032
56256
50003
51534
54123
56285
54854
56002
54434
55347
51920
58209
52494
55417
54145
59959
50496
54247
59976
57170
59776
54967
57938
55409
56310
59344
58657
53556
52486
59544
55809
50720
54261
56323
53387
50952
51368
59943
50457
50108
59680
53774
56130
59291
59051
59553
56893
59692
57020
57570
55594
54387
58578
54673
56425
53642
54902
57917
53049
51644
59421
51913
57659
54209
57868
53514
57203
58981
50079
58327
59259
51928
55222
59711
54141
56506
58857
52455
51672
54780
59779
50089
50779
52993
56936
56931
57563
57607
51898
53392
52826
51677
50321
55821
53170
55559
56632
50193
50723
50431
59790
52361
55323
57875
54364
56235
59542
53847
50424
55255
51339
50780
57763
51854
51310
57265
54833
54191
51524
50783
50431
59389
50749
55297
56675
57754
56514
52178
55067
53002
57895
59870
53571
59386
54173
55020
51532
57822
53586
55337
51013
59564
53282
52383
57632
57826
56280
50696
51376
54856
53740
58170
58001
54365
51196
51453
54626
57028
55506
59287
58914
59754
55244
56163
59830
57852
51011
58445
59394
52852
53718
55201
59068
57791
58261
56396
51456
56015
57242
51785
57853
59222
54360
54894
54848
55374
59935
57811
58653
57354
51685
54150
54135
58816
52267
59516
56624
54515
51427
51094
58479
58619
54599
50529
59148
55972
51742
57221
56962
58114
59868
52329
53289
57933
50219
57309
54819
54327
56403
54675
57751
50918
52905
52798
58409
50990
54343
51015
58460
54140
54615
56131
59295
58840
51634
56441
59357
59084
57741
54829
50279
52630
58089
58213
52503
52922
59296
56600
58739
56753
58477
51400
54115
54947
58424
59262
55123
53900
58123
54666
55609
51692
59082
51790
56950
53669
56994
53756
51275
58874
55153
55243
51179
50527
50755
52702
56666
50859
57683
54888
50279
53056
59755
55309
54320
50787
56489
57301
59869
58880
59438
51940
55906
57035
50866
58731
58269
52202
58144
59155
52392
54177
56601
53512
50821
53353
50777
52230
56354
59103
59040
53834
54323
52276
59325
53108
53004
55469
54428
54628
59438
50352
53697
58810
59058
52132
54244
59889
51416
57488
58867
57849
51040
53740
59762
59195
52000
53878
56785
54695
57110
54144
56563
55739
57843
58350
54045
54805
59047
55787
51232
59640
53312
57717
58786
55293
53456
50738
54947
52834
58011
54041
52790
58746
53819
51545
51214
54336
51886
59228
57272
50245
57496
52554
57448
57153
53262
58870
53317
50121
54257
54865
52648
50646
57661
59736
50468
57493
55473
50601
55873
54619
57747
57846
59409
52112
55537
54630
52770
53942
57269
56522
57248
54573
59650
54429
59849
54974
54326
56344
56364
57413
54547
51235
58764
57597
51833
51419
50288
52140
51277
58157
55301
59138
55516
58875
52614
59743
51634
53411
50317
58963
52307
51004
57391
54708
52347
59345
52346
55051
54474
51956
52000
55081
53620
50405
54100
56314
57354
53402
55969
53631
51137
55728
57600
56975
51021
56087
51716
57628
53120
54506
55153
51773
58765
56678
55694
57300
56550
54795
55903
53292
57704
51823
50912
55493
59148
58931
50192
55214
59415
53840
54311
53572
56227
51219
56447
57762
50899
54948
54970
51115
54003
56055
57825
54141
58761
59443
51618
59421
53470
57144
58335
59266
51947
55757
50432
51396
51456
50994
50682
54542
50874
52788
56599
52820
57935
50317
50536
55026
53338
57434
55604
52577
51219
55544
54466
57719
50014
52731
52741
51848
55124
55075
51269
52301
54929
58528
51813
54831
54703
57466
58907
58098
58744
59086
56495
56021
59666
51185
51792
53553
55199
54543
50340
51581
57069
50126
55638
57012
53581
55636
53912
54855
57385
55532
59607
50098
52549
53616
50004
58553
50563
57487
57983
57464
53189
59742
50441
58651
51155
51661
56084
59230
51634
51305
50422
57548
54145
59447
57661
54863
54107
53554
58894
56509
55548
52171
53490
59823
59740
59477
55925
59945
54406
52536
53398
58737
59019
51822
50564
56563
55269
58957
56440
51406
58200
54293
55142
54925
52767
50961
56460
50427
52565
51314
54522
53455
52379
56307
52759
51720
53844
58301
51245
57433
53981
53001
58097
51752
59684
56829
50069
58020
57312
51853
58756
57744
55489
51628
57863
50849
50910
57758
53897
59652
51504
58815
57350
54211
58674
50362
53919
55208
50477
57271
55654
59403
50599
57255
50067
51813
53767
57590
51144
58242
56837
55395
50012
51573
56237
55495
54546
55309
56638
58887
56610
58258
52791
59160
52801
54959
56317
53807
59601
57490
51901
52325
56640
55620
52811
53226
52433
53924
53979
57643
55360
56442
51949
58097
58981
51741
54947
57149
54776
53820
53035
52173
57353
57212
57855
59291
56818
57831
53838
51617
50527
54650
57892
54413
51765
51137
52591
52468
56037
59513
58653
53118
56571
55373
56113
51630
59448
54972
50010
54424
55285
52582
55637
59544
58832
50711
50432
53123
50015
51707
54462
55213
59971
55263
59108
58256
53439
52717
54019
56738
54531
55664
55739
57124
56313
53364
57459
53025
55919
50718
58321
51747
55980
56148
52364
54850
50042
56658
51807
57181
54326
55502
56677
55911
50722
56494
52962
53611
56196
57747
54463
57061
51966
56842
59295
56633
51707
58862
50592
59371
51831
58508
52400
52642
58466
57594
55950
54190
55107
59639
58563
58730
52158
53957
57280
50869
54549
52705
51986
59025
56471
55655
58258
55311
52875
59126
58487
51866
55855
57476
50895
55007
50273
57810
50010
54745
57075
51179
58876
58726
54619
56405
52818
56417
58036
55930
56941
51534
54159
56555
54703
58100
54871
51824
52889
58276
54864
56935
59075
58177
50747
51513
51335
51224
57190
50377
56277
57312
52386
57512
50803
50016
59471
53851
54977
53398
52761
55191
58255
54589
57667
52605
58998
58247
50956
54009
57672
54234
53700
52255
57417
50434
52656
52024
51776
58460
57104
55105
58309
51226
57257
51225
58500
57827
57200
59488
58970
52979
50055
53707
56302
55403
55551
53422
57981
51949
50510
51254
54939
52023
50899
56371
56952
59913
50039
53342
50779
51000
51319
55384
52314
51511
55342
51128
58278
50461
50821
54429
59999
56747
55712
57436
51702
53974
50122
58185
58364
50524
55318
55306
53714
52616
53811
54092
57205
53671
53940
50124
59911
54168
58640
58952
53222
52340
52127
52884
50922
57579
50169
58865
54782
55205
59250
54619
56171
53378
57483
53781
51324
50377
55443
54535
55900
53191
58211
50483
55273
56443
50890
56892
50551
54031
58583
50251
56801
54544
58444
54172
59121
55521
55733
50040
54295
50910
58060
56570
50580
50719
51991
58417
55874
51767
53998
50344
54957
53704
53389
50090
59824
55015
58302
50072
53200
59589
57090
55278
54278
55621
56507
52350
57403
55126
54994
52735
59019
54105
54057
50965
55508
50572
53224
57718
54734
50061
54424
56089
57085
55962
59730
58673
57588
55119
52381
52541
59283
57478
54739
58936
59457
52251
58428
54627
54561
52061
51268
52243
56684
50852
52832
57636
54303
50932
55440
53333
52699
59500
50264
58497
54906
55193
58810
57429
52354
50810
58515
50659
55457
59167
57458
54895
58338
55298
57250
50723
58590
59637
55038
59850
52511
53672
55298
56861
58635
51663
59540
54037
57504
59452
57441
51575
53644
54123
55980
59725
56461
56354
54181
53819
50418
50650
59741
57938
51239
57326
50467
58040
54115
54133
57794
50810
51956
54674
51845
50156
56553
55443
57536
59337
53202
53179
59028
53033
59810
59542
55455
50323
54795
50616
54345
56482
54212
54649
50354
58819
57412
52606
56053
59324
52326
52620
58370
54827
55958
51196
58988
53563
53046
51210
59507
55571
56025
59088
52529
53197
52378
51380
57899
57112
51282
53937
59358
52719
50031
55308
50555
51614
52161
59627
50985
52834
53406
53281
51787
59032
58678
53934
58518
53444
53094
50114
53066
54517
52756
54500
59652
56425
56475
54279
50519
55335
57882
57527
55363
53255
58532
55393
54803
53578
56466
56103
52271
55007
51466
58235
50582
53461
57748
57578
59152
54770
57226
53960
55321
54493
51600
51903
58583
55024
59553
51667
59646
54317
56083
55343
57190
55007
54634
55986
53973
57493
59100
56486
50471
55622
51973
58859
58653
59033
57012
53950
50685
51914
59580
56158
57341
53961
55551
57714
58766
55663
50079
52324
55828
56692
50894
58479
53759
53126
56831
58685
51067
56526
51243
51976
55727
55470
51686
53609
57595
58033
51769
57637
50636
51941
58457
55166
51113
57631
58260
53542
58173
58295
58710
59461
51416
50137
57343
52047
55980
55537
58993
50298
59426
51582
53612
53026
56287
56517
51085
58342
55537
57085
56521
54124
53406
50399
59376
50444
59013
55066
52408
59940
53081
57566
51980
52291
50652
51594
59468
54564
57153
59984
54679
50046
53446
51155
56068
54358
59528
54571
59300
59142
58479
52632
55216
50429
51920
59609
50633
50896
55762
51781
50571
52674
50350
56737
58478
50097
52254
54003
51811
59835
55868
53565
53938
59253
51790
53685
59744
52469
55484
54448
51550
57638
54133
58916
53990
58242
51783
59458
51359
55817
52890
52851
58592
51475
52196
54096
57531
58808
54511
55527
53412
51342
51407
54777
52619
53549
53100
52409
51662
55641
52872
57637
59068
58828
58259
58457
56413
59554
57929
50689
52073
58345
55703
59014
51450
51303
53466
51875
50387
50073
52865
51286
54307
59121
51642
58057
54177
57565
54209
52713
51848
56452
57615
52469
51534
51400
53501
55028
51231
54797
53769
50691
57741
51404
52742
55272
51626
56107
51415
57669
53894
52827
59998
57578
54517
59154
53439
50821
53978
52129
50855
51993
52957
56786
53867
56779
52010
50558
50730
59138
52615
53474
52845
51793
53333
56153
57747
51997
59977
55082
57981
58346
56683
57370
58425
58615
55545
55252
55553
53005
56109
53968
50897
51997
52389
55339
57543
53074
54367
53340
52877
56005
52899
57297
52979
52052
51877
52932
54119
58532
59101
51430
54558
56468
57849
51934
55579
55745
54370
53436
54034
59111
52679
57899
50020
53689
56908
57635
52339
56201
53220
56442
51272
56042
57829
55819
52924
58545
55018
54710
51885
59297
59208
53622
59277
59207
58134
51761
51399
59185
59939
58827
50124
52740
55634
51529
59958
54598
59762
58531
58261
53509
56358
56540
54484
57827
54305
54575
51510
53160
56075
53034
57159
52393
56489
59154
56774
59758
53608
50667
58418
52248
52165
55027
50658
53639
51054
52455
59197
58669
50303
57227
52647
57517
59677
53113
59658
53590
50623
55706
59303
50888
55595
56473
54107
50700
53986
50810
50473
51256
51850
55124
54349
58073
53416
56006
50966
57240
55968
57958
56196
58623
56103
54780
53695
51082
54610
53766
56350
57184
59225
51106
52746
50612
59413
51568
59406
55490
54957
55419
57353
53193
50630
50824
57178
58848
52516
50487
50270
56701
57655
57199
55093
50803
57578
54108
56491
55061
58058
52048
52869
54568
51937
58047
50816
58400
59206
56278
59212
52520
58753
55117
55233
50335
59090
51755
52748
57547
51232
58826
59589
57447
55455
55920
53925
52536
55101
52504
51527
58480
54827
57779
55114
56785
57717
57319
54172
53295
55550
55927
58618
50644
59178
51106
52539
54134
51428
51775
54845
52152
53273
52405
52134
54213
55070
53641
55335
51977
58627
56643
55732
51199
52551
59871
57908
55439
52898
53864
56805
55607
53479
51652
53621
52912
55365
59913
50585
56649
53077
58680
57791
52384
55781
55508
56214
50580
55378
53353
59787
50470
59810
50095
55997
59078
59132
51650
58842
50675
53931
59907
50190
57702
50538
51350
55582
50175
55143
52151
58343
56959
59388
50779
51528
58930
53329
59714
50632
51021
57732
53720
51280
57400
56619
53331
55198
51643
52666
58675
54607
51656
52631
50598
59934
57294
57343
53125
58189
57186
50905
53777
59724
50077
56811
55966
59210
55175
54409
50775
52587
55442
57773
53774
55559
57542
50463
56234
50723
52252
53876
59067
59839
59542
53921
52140
54929
53238
50634
51237
56922
51210
57977
59855
53352
58373
56577
53293
57284
51426
50434
58004
58075
56218
59732
50112
50829
50921
55806
53113
55499
50762
51047
56327
58447
52972
56075
52428
58999
53817
58837
54544
51016
53118
55489
50813
54835
55483
50879
57039
58085
51644
57226
56160
54789
57738
53241
56594
50969
55160
52285
50205
51513
58694
57452
54656
57462
56037
53461
54180
55056
57538
50114
57458
57919
51000
59745
51202
51547
52728
51555
53285
54920
52671
59013
59832
57519
58448
52635
56541
51240
50339
59335
55692
55841
56897
51289
56784
53365
58760
51789
50575
51743
56418
52925
53384
50263
56262
50089
50959
59897
58029
51269
58987
59657
55957
54920
50323
56051
55387
58761
57432
56506
56343
53303
52204
59173
55720
58108
54285
50931
50077
55851
53389
52591
51778
59083
50671
55318
52232
57273
59164
55111
57326
57192
53547
52813
51794
57968
55036
55573
51229
53286
58098
51938
52718
57067
51836
56835
57671
55745
50405
54566
53315
59769
53624
57666
52534
59309
51059
56963
55264
54334
50302
53502
58489
57184
52884
56141
56037
56566
59359
59566
53829
55502
58425
56235
51026
52159
53653
52322
52588
51756
55382
52143
54168
59736
54648
57720
55987
51291
50628
50142
58340
59953
53020
57246
57739
58475
56008
57718
59337
58503
51048
55215
58257
51631
51547
57330
59696
53381
53700
53313
55301
53342
54266
51342
51176
59262
57827
50841
51113
50240
53241
57832
57175
54332
51389
51661
58561
58851
54092
59535
58872
57444
57114
51301
51344
56634
58543
50609
51379
55926
57513
50205
55804
59789
57245
58484
58707
56916
50662
51604
54358
51944
56495
50504
58819
57559
58664
54979
53119
50327
52044
57582
52567
51924
53206
58605
58722
58520
55639
59617
52800
54994
55130
57136
51914
57393
52465
59876
52431
56573
57423
52721
57924
58330
50165
58084
52762
50478
53541
50622
56176
55337
52580
54438
55833
56844
55496
52808
54363
55145
53899
59278
57114
57915
58598
55507
54442
56893
51355
55641
57303
50157
52280
59194
50565
55514
57155
54420
54535
58059
58920
51980
51508
55412
52795
54357
50786
57462
55065
59892
52623
53527
51427
51604
58757
58766
51983
50012
54856
53406
56444
56062
58036
52883
54945
54960
50871
54366
56943
54241
51819
55267
53163
59682
50817
52361
53235
50859
57983
55888
54787
54039
52779
51648
58063
53908
50802
55492
53882
57162
55450
58855
51690
50415
52085
51005
58801
52046
53069
53557
51530
52622
53041
55429
53854
51374
55154
51954
59473
56813
50646
50079
58712
58033
56074
52760
52578
59517
54809
59522
52432
56306
52006
56902
55296
58311
55122
52058
51538
52216
55305
55122
53883
56946
58484
51106
54060
53995
58826
50102
56174
57029
51392
55333
53956
56159
55257
52197
52374
50987
53183
57889
52819
53166
58965
50381
55035
53533
59016
57601
58289
51126
50438
52517
58888
51369
53886
57461
51087
58550
55822
51544
53676
53346
51461
58282
55078
59603
56623
56673
55681
55812
54023
57853
57287
55851
57089
51225
56076
50370
52310
58463
57265
54970
59334
51173
56792
53779
56547
58128
57745
57388
58720
51019
57056
52218
52445
53389
50973
54354
54553
56098
56253
54642
58479
54016
57649
53393
53628
52904
51297
52462
53204
52487
57889
59632
56653
51550
59155
55262
53930
53582
56105
53977
50108
56957
57703
54799
50518
51938
54249
51605
58560
57878
50566
51989
50603
57940
50299
56762
54987
55353
54118
54129
55026
54774
51427
52336
59142
54702
57295
52065
54766
52004
53758
55175
56499
57656
57394
59540
53161
53531
53119
50650
52823
53724
57515
59448
59705
50273
53716
52403
51891
52402
53815
54218
54217
50426
54132
55797
56424
50326
53233
50055
52656
52659
52575
56014
54748
59964
54863
57266
58393
50083
55779
54287
58233
58959
50612
51404
55206
55359
58478
58249
57052
51712
53346
52435
50807
59791
52869
54873
54294
57321
53145
51687
52177
51755
59970
56967
50965
50460
54872
58773
56499
52311
57299
56718
56933
54323
52682
53245
53987
58364
59773
52258
55335
57203
59673
58185
51394
56208
53255
55711
50503
56846
53306
55464
57482
50819
52655
53726
51934
59140
59787
54909
54258
58736
59004
53951
59357
50283
53062
52080
50250
54893
52405
53429
56421
53989
56585
51907
54621
56250
50294
57401
53054
57875
58537
57901
53408
57563
52904
59482
59028
55592
53650
59167
51675
57169
50358
56696
53776
53835
57295
59946
57867
53109
58305
55333
59978
55806
50016
58919
59157
52468
51509
56124
50991
55255
53156
57988
59074
59256
57308
59693
54625
57683
58747
52769
51201
58712
53352
55768
58331
57814
59332
59523
55232
58352
56541
52137
53324
54944
55874
55746
54173
58635
52579
51807
57693
50262
54419
54149
53990
58589
58040
59364
51024
52737
54684
52258
59472
54248
59386
59990
55582
52701
56226
52351
52619
50257
55831
57128
51592
54684
50357
58967
52323
57493
55473
57267
56660
53655
58474
53712
56657
52046
56613
52823
51860
51221
59959
59580
51531
53435
58657
56589
59544
50926
55329
59533
52033
52377
59545
53741
50400
54223
52780
56547
55222
50992
59084
59866
59808
51238
58803
54866
55671
50777
50135
55991
56023
52921
56033
54680
57556
56203
52040
54097
55231
53678
53992
54960
59564
54296
53224
59082
51012
56107
50894
51678
51421
53039
52366
55658
58257
51914
57174
51127
53329
53960
50078
51165
54070
55628
53903
50580
52094
56748
55474
57756
50694
50211
51759
51015
50239
56257
54581
59953
58008
56167
58710
59115
56891
54740
59966
56045
55626
58238
57084
58299
51729
54675
53528
54288
57144
56318
53175
50978
55783
50020
56849
57412
51565
59651
55066
56787
55378
56270
56019
51383
59448
55945
56820
54014
57998
52144
50360
56919
53820
59481
59707
53938
51375
58273
56953
54725
58390
54834
53633
50324
59587
50727
55386
57919
58097
55299
54440
58791
52447
59741
59633
57643
59539
57630
55221
53273
56981
56486
56489
50321
51323
57180
52343
59315
52281
53242
52458
57540
56868
50067
59317
56420
51517
54820
53528
52039
54703
51444
54191
54170
57408
51585
54728
55783
53801
51486
58636
59364
59935
56934
58892
58586
53990
53199
59366
53879
57575
54581
56545
58270
53973
58640
55088
55497
55866
53495
51320
55843
52000
52664
54616
56417
59580
50849
57820
51649
56731
55788
54336
56677
57283
55832
51341
50993
58335
50283
55669
52217
59600
59663
51375
50204
52348
56085
55708
59811
54936
59679
53296
56610
51349
55634
56691
53583
58983
57829
55152
58411
51973
59249
52464
50354
56761
56444
58977
52920
57325
55117
52610
53522
58520
56611
58524
54151
57302
50529
57407
57725
53265
57031
57860
53226
51894
53437
59271
58991
56199
53689
57702
57590
54980
55953
58854
57629
58890
53195
58942
57491
58669
53879
56463
53553
53424
55160
55249
50723
50724
58874
51955
56302
54354
51434
59178
59090
50108
52364
58785
54451
54724
52579
58693
52582
58181
52791
50359
51664
54962
54423
53519
59726
55609
50301
59365
59096
55926
50033
53242
55107
57501
55478
53239
56389
59901
54987
51557
57508
51827
51224
51436
55968
55818
56261
53601
54682
58650
59385
52665
57888
57510
57614
55761
53194
50215
56222
52759
54931
56272
56806
59890
54338
54434
53339
56330
50207
51524
52502
56330
59597
56798
53153
57897
51961
55862
51217
52666
51612
58267
50526
50622
52836
53295
57152
57628
59159
59169
54648
53345
53292
51942
50276
52040
57080
51651
57772
59058
51437
54992
50496
51243
54683
55715
59913
50507
53971
56211
58278
55904
58546
56389
51103
51060
55484
58778
54563
50624
58236
52063
55306
51527
55831
58752
55336
52253
55898
56526
52598
56085
57812
56955
58687
52340
53206
59762
58710
52971
59876
55547
54738
50613
51632
55013
53534
58113
51089
58101
51255
58927
54537
52184
52700
52360
58080
54463
50336
57567
52033
50096
58817
55475
56198
54169
53988
58344
52114
52654
51489
52555
59603
54731
58974
51385
54023
56442
57700
51043
57528
53568
53767
55028
52324
59809
56671
58995
56416
54878
52959
50755
52677
55974
55795
57767
50188
55226
56997
57548
52769
55179
56748
54784
53344
54159
57567
52614
54396
53452
53373
54561
54132
58619
51509
57865
55157
57997
55451
58630
57521
52449
58589
54085
50751
51765
54947
57548
50190
54784
50999
57193
51344
52237
53844
50639
52263
53616
54919
53510
57985
51959
55153
51648
53027
53310
57010
53456
57548
50875
51221
50955
50347
57379
51176
55584
57181
52985
55914
57525
56008
50295
53452
55357
51725
52381
59795
56255
51714
54626
55371
55601
50098
56182
59894
58879
52973
52293
58659
58035
59107
54433
58167
59098
50578
51227
56609
57789
55667
59476
55246
55097
51937
51229
59987
55338
50909
59860
58592
55118
56953
55308
57827
52753
52149
56312
56639
54246
55697
55294
55951
53687
51195
59813
53035
53076
57594
53012
58583
59016
59965
54318
57586
51428
54350
50812
50900
52542
56909
59159
53005
52762
51349
57731
52869
53670
50181
58677
59051
57477
54736
50091
57231
56481
56074
59104
58192
55741
53931
57814
56972
57114
53662
55251
59351
53017
51782
50244
50144
53862
59150
52040
58884
53965
57097
57761
52376
56909
55890
58407
50345
52862
56772
57991
59936
57107
58558
53625
57177
51222
57247
57879
58693
55725
52446
58588
54911
55774
57521
55435
56828
59568
51370
57082
51973
52449
58434
57425
51645
58390
50153
54601
50716
54571
55470
51813
53342
54011
50162
54727
52764
55883
54786
56222
51077
53048
58887
55631
55272
51588
54694
56229
59206
57689
57025
51724
57213
53076
57348
59754
54011
51405
59051
57992
57279
54483
57819
56360
53806
59026
55753
57072
57513
51758
50334
52733
57741
53093
59710
51588
59260
57403
53859
58137
51174
50898
57182
56805
50547
56545
51793
56144
57963
59124
52396
51117
56489
52500
52965
51406
52514
55512
52701
54434
56828
52508
53690
52775
56952
59447
55570
56988
57199
56789
53087
56561
51266
55898
50924
53604
53232
56588
56402
56206
56766
59612
54756
50976
59085
59375
53552
57164
55718
58987
52528
57985
54518
51864
52625
58293
52501
51528
53329
51596
57096
54013
50554
53525
54143
55306
58252
53383
58640
59671
55699
50118
50578
53332
58980
54205
57512
52033
59560
52275
57487
50263
55061
57086
50846
54573
57345
51417
57070
53348
50831
50832
53318
50612
59628
56903
54591
52038
55479
59427
51567
57187
59813
53484
51070
53159
52225
54737
55857
51393
54641
54279
54949
51080
55079
52580
53093
59850
57453
50560
58099
54772
54175
54686
57780
54466
56455
52147
54014
56194
53139
51584
50041
50155
52689
54683
58546
56889
54478
53970
52281
52689
54958
52597
56032
52242
51465
52583
58610
57320
51415
59029
56159
55278
57493
59132
53621
51370
50050
56516
59427
54440
56378
53309
59626
56420
52803
54722
51562
52247
59585
53435
53947
58294
50525
54009
59714
54252
58858
50773
50376
55468
58521
56123
55820
50216
55226
50046
51389
59106
54883
55805
54955
51897
57862
51201
50231
50346
56372
59594
59042
54397
58773
59957
54458
53042
59041
50632
58760
50446
51800
57181
55056
52587
53345
50740
59018
59568
56897
59622
57722
54014
55968
53573
55819
56525
53175
57047
55414
55014
53073
55127
54902
55955
56681
53327
53781
52049
52229
50398
54975
52625
51389
51485
53555
50223
52715
57478
50927
59210
54386
55286
56526
50069
56448
52872
54838
56004
58716
52364
54192
56922
54248
54340
55166
59495
59876
56462
50685
51037
54677
50036
56939
59197
54429
58798
54076
59122
55169
55239
58326
54667
51709
51115
52664
50445
57687
50473
51418
57123
52105
55434
55345
53179
53621
57296
57586
52561
57890
58076
57670
59156
55170
50544
50258
55802
55080
57962
57678
57683
52921
58334
50470
57378
57291
51751
58130
51596
51855
53599
53049
57663
55080
50854
54224
51206
50512
53454
53762
55175
56735
57845
58397
54304
50536
55174
50303
58458
59007
52333
56330
52897
56324
50086
52457
53453
58741
58818
50738
59823
57018
59150
59296
50781
58897
51567
52055
50929
55549
56525
53758
59849
54935
54068
57623
50953
51975
59906
57459
59184
50034
53082
53469
53799
50832
58932
51100
54931
50128
59837
55294
50348
54722
55433
58299
51897
52234
53413
57750
59479
58877
51824
53225
54091
52049
53842
53630
50468
53903
56431
54866
54146
59290
54975
57058
57416
56463
57029
53291
53544
51755
59642
57289
58884
50088
56388
55759
58077
51585
52162
52211
58389
50877
56124
53019
55422
59695
55720
53158
53930
55289
57625
58663
54281
56863
54672
55140
57211
59762
51353
56878
56975
52440
54299
59073
55712
54390
58322
56439
59917
54168
53060
55137
53290
55376
50010
51317
58875
55079
54881
58838
57461
53489
55528
50735
58441
55948
51515
53894
54033
58265
57311
54027
57616
54282
57516
58536
52248
50153
59133
58156
55932
53319
52867
54329
56109
55358
52731
58243
57017
57017
50794
59120
50041
50591
51827
53954
59023
59499
50818
58198
59562
57461
54833
57094
53830
59945
59566
50297
50120
58735
50037
58273
59434
56397
54400
57502
59769
51181
59554
52979
52447
54463
57387
50706
53837
52244
50830
59923
50104
59379
59660
54678
52259
50253
56986
56994
53709
52428
58697
59377
52736
50414
59803
52696
57924
55182
53573
56584
55380
51287
51620
53390
52815
57532
55711
53484
57018
59004
54945
59223
58076
58009
55176
57268
55812
58925
51072
54072
51336
57345
55052
57386
59359
56980
51476
57367
54970
58774
58938
54529
51941
55416
58292
58141
58326
51027
59104
57957
59083
50168
52661
54157
54782
52520
55347
55267
50081
59601
52233
51468
55542
57695
57085
51204
51679
56822
51607
52259
54598
58997
53728
54620
58539
50316
52015
51316
51755
50463
50861
55176
58680
50111
59024
53990
53151
51404
52289
53894
54548
59209
59552
50990
51170
51141
50473
54161
52884
52513
51981
57867
58172
58297
50393
52278
59039
57963
55665
59538
50949
50596
54398
59171
53931
57126
58617
52697
55329
53662
58051
57349
54267
54946
54662
51480
52829
59785
59536
59719
59232
50899
53848
54207
53781
50144
57648
59367
59289
56266
52405
51586
53845
56443
55918
51883
55251
54763
51038
59208
53319
50455
52896
54361
58302
56240
52845
59686
51158
52442
51151
57656
54128
55690
54650
52305
58124
51930
50008
51001
56813
52283
58037
50519
55975
56811
59577
50594
50672
55661
58877
50146
52112
59258
56102
56255
50684
59208
56635
53629
51584
59418
51170
52743
54688
52544
57246
58197
50893
50371
59832
54850
53009
57937
55855
58289
50477
50321
55151
57862
53667
57893
58198
55078
55322
50504
59245
57501
53854
53628
51925
58473
55584
59781
53335
55931
50819
56657
51648
59417
51660
59408
51863
52949
57846
58223
54002
52863
50605
53936
58200
53951
53468
53801
51516
54258
53325
56740
51995
58774
54610
52394
56570
54896
54442
51142
50691
58029
56787
52849
59242
53996
59260
50606
50270
56003
57062
51924
55318
57846
54737
53981
52737
51759
57893
51332
53272
58865
53887
54274
50405
52509
52554
53483
51487
59954
55509
51925
59508
55885
55290
58156
59521
51953
53676
56054
58189
50193
51863
54827
59699
54591
53889
59674
56390
54257
58664
57879
57817
53757
55304
57329
57703
50960
51043
54415
54261
50456
50964
56147
55692
51073
54031
56911
59314
59290
50426
53768
59761
56483
51116
55429
58947
56826
51718
59148
58073
54415
59233
56617
59888
52707
52036
54688
57581
56754
50630
59220
55250
58830
59075
50689
53703
51068
54789
58340
54509
54487
57443
55589
54678
52427
56049
53156
54124
57773
57041
57978
58147
57634
55100
55340
57586
56148
52838
58849
59990
55949
55017
57897
56186
51493
57955
55075
57972
52931
54995
56643
54290
57497
54466
57584
55221
56478
57449
59071
55408
59760
58834
50206
51089
56681
56641
57804
57855
51425
51400
57674
59425
53592
59499
58378
51278
59717
51825
53747
56814
59492
51798
53586
57856
51237
54918
52947
55800
54788
55357
59092
54443
56349
53752
51866
50658
59119
54425
57557
54461
55527
59479
58538
55723
51771
51913
50993
50820
53005
59773
50837
58846
58027
58642
53588
53659
55584
50299
57398
54998
50524
51265
59701
59194
56948
56131
57010
57560
57235
57038
54283
58470
50342
52533
54981
57347
50178
56084
55431
57288
54954
57012
57447
51906
51446
54337
51307
51124
53869
57060
57085
50110
55665
52819
56157
51303
53936
50502
56231
59614
50477
51408
52639
51226
50394
57859
55860
57184
59160
57772
50200
53949
51625
58643
51421
54461
51968
54632
51731
54885
51872
55998
58983
54184
55315
51007
53213
55937
52276
56599
57692
54419
50385
55621
53590
59832
53091
55223
56995
50830
55280
53122
54597
55962
52418
55912
59622
59532
57309
56285
52763
51507
59315
54137
53797
55563
54510
59865
58322
54147
51641
56870
50651
54519
58018
54252
58249
55126
51468
59999
55321
57385
59370
59608
53164
53981
53431
54971
52706
51104
59356
53638
50312
58719
53856
59108
51357
59926
57519
58667
57357
57718
51027
56487
51483
55070
53891
56177
54216
52158
59430
58802
55543
52741
57090
59480
52656
50262
53337
58136
52400
53044
55358
57687
55876
57141
57584
56043
58525
54828
59655
56629
52819
56524
55876
55852
52209
54005
50403
54905
54414
53173
59497
57623
59278
55377
51984
55717
51499
57261
51753
57652
51275
50518
51600
57657
56636
54511
56012
56952
59591
56742
51583
50101
54552
58382
57693
55613
51519
54699
56771
51393
58425
53088
53050
52463
56714
54644
51036
50467
51757
58742
50103
51945
55023
53904
59587
55069
58040
52416
59572
52610
59174
50598
56122
52266
52956
51403
56167
54167
58299
51140
56460
59374
56335
57467
53072
52470
50753
51564
52729
55997
53595
53379
54993
54387
57229
55212
54727
50320
58891
55521
57611
56946
57625
51828
57555
55339
54698
58850
53789
57677
57655
55588
57117
53174
55062
53005
59394
55571
53667
52112
57598
58142
52237
50859
54080
54557
56651
56997
57513
51748
58936
53294
54880
53920
58923
50904
53434
55261
50928
56485
52970
52575
59441
58747
52999
58037
57204
50501
56438
56609
56244
53016
51289
52250
57434
50487
54436
51995
56994
53776
57200
57209
58953
54236
50534
56913
51079
50378
58889
58900
57989
52430
55663
50576
59279
52426
59906
52948
52368
50342
53464
57975
59443
50041
50114
51633
55426
52287
53422
52466
59182
55945
57992
58147
53342
52612
59622
50614
59036
54426
53431
53745
50631
59515
55480
56186
52091
54711
52617
55953
51014
50478
57309
52745
58540
58783
59113
58506
53401
50609
52057
56721
56140
56192
57722
56167
55207
57678
57082
55396
50067
50888
50261
50104
57724
50134
52312
56713
58122
57624
54814
51985
50790
56900
57637
50317
59781
57960
52601
57445
56464
50229
50883
51752
50062
58417
59033
52107
53948
55406
54237
54210
51678
55808
58077
55804
50471
53596
59448
54774
51460
57294
51519
53180
55371
56622
54677
54541
59532
55203
57233
51326
57095
54955
58340
54555
52191
59146
53059
57610
55350
52718
57788
51965
52006
50476
55381
53383
53121
55983
53193
53310
51072
56623
54025
51707
55797
53155
59475
54354
55927
55346
57558
59776
57115
58729
51629
58390
55094
51445
55607
59198
54167
54212
51306
57414
52723
50968
57281
59793
56182
52500
54988
53089
54319
50448
57325
55082
54309
54490
56629
56920
53024
51218
54075
50119
52145
59231
50088
51540
57436
51341
55840
54841
59213
51391
59231
57537
54433
50190
54805
58594
52131
52328
56032
52723
52988
53211
50047
53999
50689
53573
59539
53259
57450
56934
53788
50825
58574
53985
51053
58569
51256
56734
57460
53034
50948
54388
53360
54430
54572
52413
56701
54651
53632
55981
54394
51170
51815
59125
56884
52644
51099
51286
58153
56386
57551
53686
53268
57455
53018
58956
58234
54085
51743
58812
52383
54363
51566
56203
51848
54684
57813
50321
53748
51333
54245
55156
54642
52752
59509
54835
53525
51524
59414
51923
59203
51942
55048
58033
54204
51110
54285
59661
52582
58999
59510
55973
56928
55583
57586
59421
50695
51274
58961
54547
55561
50209
51641
55088
59951
54657
52282
54592
54088
52785
51065
51172
58957
51332
59184
52693
51461
59376
57836
54768
55657
59281
55372
50233
50496
56188
54936
55449
57747
57944
58357
55718
59897
53246
53313
59404
56733
56956
59870
57911
51049
58035
59374
56589
58461
57359
53371
59834
53641
59774
52750
52201
55497
57225
57616
56151
56749
57482
56541
56240
59184
56088
59775
58990
54463
57505
54790
57476
51747
55105
54059
59743
57680
58669
54394
50581
51280
52355
54347
56866
56134
55706
51185
57743
54990
55207
51785
52235
57295
54153
52414
58523
58519
54139
50827
51097
51222
52341
50351
54274
51724
54961
59711
53138
52972
58686
54244
55882
53747
58824
53822
54728
56676
54904
50343
56140
52740
51942
52943
54868
57871
58345
52242
50531
58089
59450
55861
59885
53199
59097
56236
52721
55484
50292
58292
54411
59074
50017
58949
53531
57701
52567
52629
58684
53409
50371
56930
54703
56438
51249
50461
54716
57019
56231
50473
51230
53051
52683
51358
56357
53789
53304
56360
58544
58556
52780
53893
50810
51219
50345
56779
53352
55740
58324
57377
51612
55432
53838
54123
59416
58729
53305
55284
55648
57272
57083
53906
52048
57873
54688
53839
59213
58563
59374
50524
57630
50295
54537
51758
50680
50159
53425
53084
56934
58956
57906
59598
59793
55863
51704
51027
53532
55585
58410
59710
56151
58835
54846
51777
51101
55335
55895
50261
51890
59574
57805
55130
55879
53505
53115
59308
56129
57098
51909
51632
53104
57184
50829
57398
51207
57394
53484
54644
58685
57169
53242
59665
53249
55765
52209
58348
59924
58015
58193
50917
52105
52165
54869
56395
51555
56554
59011
59669
58197
51119
52667
58451
55911
51745
57452
59608
56317
50345
52759
54333
58486
51209
59621
59479
58912
54656
57179
57994
52700
52288
59315
54841
53893
54273
54817
56061
50145
57995
55681
57693
54518
59119
54612
58162
55104
50693
54606
52437
51367
53223
50623
58772
54631
58865
55765
59161
58979
55817
52154
52793
57986
54819
59728
57702
52154
58241
54572
59607
51706
53685
52048
58487
59488
58240
59017
52819
59106
56552
53737
58619
54170
55779
51628
55422
55504
53096
50055
54173
54571
56955
55490
52611
52944
51557
52012
52209
59685
55117
50927
56968
50723
56407
57510
58440
56932
50800
52342
53248
50499
56569
51531
59061
52396
54565
52233
52491
57280
59535
57287
57707
56008
59357
55579
57692
50067
59229
52746
51011
56729
51468
50243
55741
58460
57982
59456
58741
55267
51725
51554
52882
53996
55452
53058
57002
54368
50988
51749
53395
57526
59851
57439
55461
59221
56571
57420
53743
56411
59335
56897
52094
53012
58682
50645
56901
57817
53896
53267
51413
55171
58481
51950
54102
56924
50614
57401
54653
52352
51868
55790
53723
51311
57623
56929
52910
54676
55589
51690
59527
55318
54642
54699
56687
52286
54776
56721
53014
50678
50415
54834
57832
59749
53506
57479
57073
52202
59922
55792
52357
58346
52496
52218
50695
59801
56708
52370
55090
58782
50528
56314
56947
50651
58175
51041
59655
59367
58704
56719
58950
57771
54202
55562
59756
57195
59140
53565
51082
53817
51938
52248
50232
52371
52189
59590
55133
51370
52110
56836
58862
57812
58808
50544
53633
53518
54716
57350
52407
59681
57160
52243
55094
51016
54444
59882
52850
55964
55058
52428
58377
54805
58662
56704
52325
53264
52348
58106
55916
55199
53348
58619
57699
54318
59842
51525
58034
51503
54797
55978
58292
51299
53890
50450
53063
58381
57462
55262
52709
52433
58201
50906
50502
57730
50777
50649
53262
51968
57012
53056
56948
57381
50327
52489
58952
56043
56208
53370
57003
50393
51190
57087
50500
59482
51492
58749
53912
51235
53835
54713
53386
51068
55208
50779
57141
57659
55397
55261
57398
57324
55918
50768
56618
59527
51706
53453
53632
57346
57339
58731
55884
58405
57907
58029
52463
53724
55730
51998
58856
54203
58019
51804
58417
57095
57348
51591
57448
57644
56303
52040
50466
54359
50056
57052
59765
59863
55768
53017
58681
53106
55697
52873
51103
52921
51690
55236
50754
57285
52334
52201
52473
57518
50467
58168
54345
51657
57952
55972
53891
56698
56696
55947
53730
55081
59725
58154
52140
56839
53789
57942
51748
55151
55463
50246
55254
59707
56006
58603
50492
59240
56312
50702
58426
51873
52244
53510
56746
59489
52340
57457
58586
50277
54435
51032
50636
51768
55091
54196
57368
55233
55903
51508
58469
51163
53710
53554
54687
54650
57543
58372
53234
59018
53752
52890
57669
55777
52150
58123
58755
59077
50262
50815
52139
53255
59784
58574
55958
52756
59243
55128
56411
54750
59481
57272
52235
56099
54091
55333
59596
57981
55201
54517
57384
53441
56131
55388
59165
55410
56339
57893
52091
55330
50820
54864
54980
55404
55655
57715
57451
50739
53748
59172
59533
51130
59989
55326
56474
56109
53018
52017
56606
51007
51591
58631
51088
56265
57124
55754
53093
56973
50434
51809
50584
54740
59905
57800
51202
59371
50352
58593
50003
53548
56712
53773
50762
59747
54364
51060
59422
54947
58345
50516
53863
55338
57023
58308
57637
50224
51904
54680
56568
51540
54152
51975
56196
53053
50128
55014
54901
51160
52817
57979
52282
57453
53332
59042
54850
51719
56882
56418
51401
52890
50547
57284
58621
54614
56004
54027
53365
51568
58958
50686
51849
52419
58420
56118
57551
55432
53251
59416
59009
53106
50372
57409
55891
52946
58956
53707
56740
52503
57525
53663
54592
58155
56403
59894
57328
58738
56233
58541
58054
57106
54383
57318
57053
54997
54994
52599
50958
59126
55117
54259
56637
59359
58964
53822
57012
53036
54637
53559
53527
53006
52853
51630
55313
50813
55182
51108
58217
50598
50091
58758
57827
53746
58702
52848
59367
59101
58579
57921
53938
58631
53085
58458
54913
53857
55908
52691
50562
54042
55191
52397
58921
53186
59370
54494
58793
59205
57315
55452
56392
55301
58638
50127
50555
50536
56165
52467
50764
53844
51447
56739
51245
53362
55959
54417
51314
50808
55134
53663
56842
58876
59753
55480
50209
58153
59397
53019
56448
58858
55587
58284
51416
51901
58110
53522
53756
53205
56556
52985
56213
54986
50557
54374
53400
57815
56422
58345
52510
57665
54928
58687
50685
52844
54837
55469
57719
56777
59436
58331
55655
53903
58810
57371
57399
57625
58906
54630
54992
51206
59505
50027
54393
54781
57175
51816
57707
54234
55965
53082
55699
50611
58178
52655
53108
51931
59886
50878
56785
52788
51046
58165
52028
50989
58013
56961
55586
54600
57087
55831
54774
57253
51286
57734
50905
54335
58992
53238
51784
57776
52321
53424
52446
52530
55118
56533
55465
53590
55335
57021
52205
58380
54205
55633
54196
55701
55115
54349
59446
59089
58371
50585
51959
59365
54131
50953
53985
58458
54742
56005
59586
54181
59393
53939
55018
53491
58571
52998
56092
50042
53164
59455
55207
50316
53184
50482
51073
51473
54114
58957
52257
53212
54623
50319
51652
55406
58033
59940
52720
53018
51325
53185
59934
59933
59691
59294
55229
53723
51695
54571
59462
54057
59955
59935
52911
58531
54914
52851
51639
51005
54763
53902
57198
59178
52853
53807
55605
50129
55054
57558
57756
54791
53422
58554
57535
54929
59260
57074
55768
59096
58224
54252
57833
57250
52451
54853
50294
57236
59856
59534
57211
50182
58755
50070
59932
56011
56708
59059
55120
54711
56131
58969
54513
53822
55614
54114
56511
57644
55111
53107
54045
59099
55217
58656
55399
50873
55610
56192
54649
58518
55371
52738
56222
54487
58405
52687
53700
58783
50467
57704
56447
58798
50382
53835
58900
58270
57008
50093
56423
52798
55156
59286
58526
57316
58296
53647
54942
59103
53163
54969
52553
58448
51585
51344
51494
57918
57829
50391
56901
50337
55534
51874
58685
55047
56915
51015
55525
51767
58345
57463
50798
51519
50637
53889
57570
54408
59397
52472
56979
54836
50669
57183
59323
55684
59763
54666
50015
54401
56627
56806
53188
55522
59435
53590
54182
56164
59131
55761
58408
53272
51629
52945
58152
54014
51058
54403
50768
53591
57008
56397
51415
57973
51076
52263
50986
52572
53177
58710
55210
51712
56066
54614
54050
57914
57308
56647
51438
54446
51535
59418
54197
59419
52243
56522
55518
54731
51618
52847
52779
58611
58917
57841
51691
56218
52771
54018
58736
58750
50473
54936
51725
57890
57759
52126
53903
59049
55901
50997
50500
53824
59039
51617
57876
59378
53564
51443
54468
50026
53141
53592
59673
54228
57454
56013
51440
58364
50142
54078
55904
57254
51543
51514
52693
50150
54848
52353
57676
50154
50064
59637
50870
54402
58770
54976
50982
52200
54088
56742
59644
58331
54507
53685
57763
59189
57236
55041
53629
50086
56632
57846
57411
53118
55890
57090
59516
56305
55686
54584
50903
56369
51742
57990
51897
59498
54377
52294
52316
56679
57047
52238
59775
52815
57587
55672
54945
51710
55413
54615
52217
52230
50298
52944
51741
54482
53503
57037
54137
58675
50020
58452
52303
53480
51473
55791
55684
55185
52837
56253
51158
53700
52526
56053
51212
56557
54672
52916
54538
57454
54409
53113
56300
51606
51865
50161
55395
56191
58221
52224
53817
50511
57667
50507
58875
57146
52379
51474
52486
52332
53762
51610
52975
51095
52087
54615
53945
50207
58405
57426
51618
50010
57166
53245
56765
54280
55283
56898
59863
55900
53606
50270
58409
54905
59703
53295
53485
54628
56661
59054
58608
51149
51207
59897
57640
50993
55881
55172
50135
52152
54213
50172
51859
53868
54893
50177
55439
51362
50786
53117
51079
52679
51306
59303
50135
56206
52139
56920
54950
59019
54593
57513
56810
58221
57973
56619
50141
59681
52276
50802
55133
51185
55238
53915
52870
59904
57303
52177
56738
57299
50445
59789
51386
58116
51934
54226
55860
53942
52107
53123
50629
55969
56016
52685
59204
56053
52416
50950
53795
59948
59968
57919
51012
51669
59769
58520
58033
53350
55363
53742
51820
50665
56230
59840
54003
59918
58428
55470
51870
59228
56537
51856
51511
52916
54333
51638
52656
55112
57755
57929
55959
55946
52604
56286
52587
51204
51175
58787
52840
54282
56536
51235
55234
57454
50559
51598
59983
58017
51925
50257
51141
53689
53342
50346
59800
50813
53003
59564
56685
58365
53876
53161
56248
50539
55904
51525
55944
50791
50334
54770
53731
50590
52525
51020
54070
56869
59363
54742
57676
53175
50127
56359
53123
50871
55100
54676
59008
58360
54533
59160
53865
58322
51641
50008
57243
55160
57272
50124
59463
57501
50567
54596
59434
53463
59516
50099
59610
59611
57635
58746
54698
58084
58174
58359
56010
50159
55234
53852
56538
58729
51976
52513
52724
56578
59692
59295
57704
52161
57923
56950
57345
59638
55069
59793
54799
55362
50926
59240
51480
58677
57494
53831
52384
50970
52010
56409
51515
53194
56691
56376
58774
58791
52923
55485
53146
55851
53760
51500
58286
59670
57500
55255
55636
54409
56839
53107
57142
50503
52642
58621
54295
52643
58735
54408
52760
51698
54254
57491
52149
52788
53131
59321
58668
50850
55994
54600
54270
54525
58469
51454
59751
58941
51189
59190
50754
58083
51113
58829
55074
57835
50770
55957
56818
51461
51888
55026
58002
50378
52569
59176
50993
54339
52601
59900
55829
56869
59839
56424
54890
53692
51647
55537
53677
54210
59344
58812
50513
58667
50299
55613
59849
56514
51874
57138
53601
54747
53778
58822
52396
58461
50527
55884
53975
59748
53722
59541
59112
55194
54626
59456
56357
56688
51128
51379
55678
55049
59604
57594
57648
51062
51400
51802
59193
53888
55726
59366
59143
52571
55578
58467
56808
52349
50986
57645
54646
53837
54368
50455
51702
59792
56038
58507
57978
51142
54061
50052
51111
51217
51509
52437
55844
54736
55954
53247
53648
55970
50545
56784
54535
58752
53364
59610
55641
59499
51953
51357
51453
53261
52848
54714
58706
51969
51769
51588
54919
53509
58717
50771
53289
50015
53624
56175
58256
53887
52463
53632
55407
50420
50744
58616
56615
56646
51177
56830
56299
57020
54954
54544
57516
57926
51587
55820
57237
54608
50513
59294
58600
56119
58794
58090
54199
56140
53155
52591
58539
50110
51322
57294
59652
52023
57174
59799
59614
57437
56575
52080
51152
52783
55905
51623
52905
54907
53311
52776
59006
58890
53462
56688
59600
56709
50225
51600
57710
54036
58071
53922
54369
57561
52255
54547
58393
50666
59867
54121
59309
50929
58692
55637
51996
59023
58481
52654
59413
54860
59723
56661
55406
53526
58298
57689
53059
50473
50485
58123
55287
52752
51720
50869
53474
50627
54243
59503
56806
51816
53280
59849
59673
58837
58794
59546
57019
58438
59982
54608
57830
50942
52690
59702
55105
56487
55691
51950
56571
54595
50394
56414
54204
53292
59948
55110
52154
54088
57958
50395
52069
59503
54042
57871
52026
50578
53335
53570
50261
52800
59707
55122
57724
50224
57922
56844
54127
59230
58288
54252
50592
55295
58429
54358
58260
58469
50721
54308
56309
55785
50693
52400
54701
51794
51192
52329
56684
51562
59516
53638
53580
54053
59820
58761
59709
57608
51154
59824
58445
53425
52211
56379
51336
57371
57528
58661
50986
55258
56244
59619
54965
51785
53794
52959
52401
58771
58933
53750
57110
53981
53338
52786
51111
57918
58719
55777
50227
52243
56826
53745
59068
50189
51048
51510
56177
56236
54396
57054
51363
59652
57577
55705
56297
54049
52594
59600
56385
53015
51864
54685
56563
50105
50161
54613
56233
59997
56907
53367
58821
56443
59270
56142
59627
51809
52351
51103
51550
52459
51313
52990
52032
54014
51755
53241
56158
50597
58841
50264
50222
52578
52735
57841
57253
58065
57761
59223
51028
54377
55358
59437
57907
57099
56385
58564
56467
55973
56626
54274
53350
58811
50438
52836
50007
56930
51412
53926
59099
58171
55632
56122
51176
56466
52684
56719
51985
50155
51885
51672
58246
54732
56390
58858
55055
59599
55821
50635
51228
52500
58830
59689
59831
59802
50621
55573
59892
55563
56892
57994
51901
57406
54843
56898
54040
52617
53986
58744
58314
53611
54309
52917
55769
57926
57033
52227
57760
54240
53665
56637
55941
52564
52364
59945
57010
53721
56704
54998
59587
50506
50875
54220
59595
50494
57062
58696
57475
58375
55291
50906
55195
53911
53394
53266
53571
50121
54895
57127
50722
55149
55616
54575
50608
50428
55568
58454
56567
57182
51330
54413
58505
53137
55493
52434
53990
51349
54021
54317
52851
53476
59376
57887
52130
50564
57142
58317
53185
55374
56537
51887
55616
51694
50670
57751
53298
57667
50715
58832
56241
52158
59250
53828
58287
55471
51950
58529
54696
58272
53527
56083
55579
55521
53383
52704
50823
55396
58755
57414
59659
56746
58335
51840
53370
52404
57300
58839
52727
59901
55501
56777
52736
55530
54130
59656
56010
52515
52639
51971
52655
59123
56892
51161
58955
57954
51566
59838
59326
53349
54689
54590
56028
59902
59855
58086
58943
51381
52143
56453
53352
56023
57049
54460
57118
51121
57855
56911
59903
57118
55765
55806
56159
58979
58867
59381
50492
50546
50534
50869
58693
55765
55211
52015
50268
59217
59721
58749
58593
57222
51172
54222
52955
59924
58391
57409
52715
54242
52340
53905
57557
57330
52462
59175
59381
50305
50073
53564
50763
52368
56995
52616
52128
56181
57458
55941
54767
56376
53980
52737
59663
54426
53388
52362
52733
54725
57472
53889
55520
58728
53833
59445
56643
56251
56412
52321
53397
55620
51932
52340
54737
57273
58001
57765
56639
58619
50991
55155
58279
51484
56978
56003
52845
57321
56993
51748
59885
59504
58639
56792
57089
56485
59721
52532
58121
54387
55962
54096
59713
52660
54099
55471
55615
51872
53693
58008
57181
58378
55853
51920
50397
56662
54723
50304
56965
56471
58077
50486
52700
58525
56635
58019
59945
59527
57840
54555
51952
54502
58750
51976
56291
52046
54395
51674
51171
56013
52543
59677
53315
55322
53124
55427
58506
52155
50758
54462
56252
57596
51799
52985
58146
52967
53096
55365
55472
54518
58282
53992
55315
58972
58817
54569
56073
57453
51236
58945
52587
55762
59099
51878
58352
59674
57980
57739
57255
54933
54527
58121
50117
52988
56066
51530
51956
55151
55545
51906
54321
59813
57696
53603
53315
59640
56228
56622
58007
58268
58566
57377
55795
58879
54228
57125
51009
50307
55249
52239
50511
59799
52248
58010
55426
55426
57717
50355
51217
55270
58882
57880
59310
54997
56102
50133
52201
50167
59194
56533
50571
54765
53289
54486
55310
52797
57865
54478
59552
55532
57466
54579
55830
52987
50278
56701
51277
54591
51204
52213
59457
50617
59382
55076
50821
52932
56189
56502
55075
50887
58687
56362
57802
55765
55200
53030
50570
55100
54249
55175
58455
56392
55432
56127
51414
58268
50986
53867
56275
55986
59774
57449
54235
57313
51189
53714
54702
54292
55133
56510
50105
56159
55565
54339
57817
58803
59418
51335
54775
56503
59675
50767
57542
52452
51268
59911
55577
55555
51120
50046
58308
52348
59148
55575
57226
54537
55308
51835
52669
54605
58892
52027
51241
54225
50182
59873
53841
52798
51315
56115
56224
56331
52734
53752
53644
50092
53975
59069
58707
52004
52675
52898
56820
57566
53708
59337
56811
51251
51101
57181
55206
53796
59021
52696
51425
59557
54517
51065
57734
53214
53950
57794
52152
50494
57057
50714
54747
53292
57486
57797
57730
55619
56264
55965
57589
53096
55174
51293
53165
55435
50281
51582
56961
58229
51974
58128
58306
57714
56787
54714
56011
59727
