67999
68331
65070
61968
66560
67953
66641
66932
61228
64796
63068
61353
66989
69931
60002
66877
63787
62882
65844
65808
63403
67843
64654
65242
60912
62598
62450
62698
68567
68828
68372
66394
64190
61537
61599
63775
63190
69621
62072
62573
63176
69215
68110
69717
62805
66383
66828
64750
61991
65994
63871
66061
68865
69123
67470
60197
60012
62245
68055
66803
64412
67636
68727
64317
68230
65902
63814
64459
67166
68359
62391
66758
65406
69104
61169
67878
65394
64068
66497
64368
60615
67050
68328
61586
64395
60826
69966
66012
61269
64766
66165
62969
63971
69095
68718
66806
68237
69917
63076
66065
69724
68427
61708
61794
62161
62359
69945
63264
63530
67655
67872
61618
67554
63566
67441
68701
61047
64982
67465
65209
63806
61616
60379
69639
66613
64901
63750
67053
64678
69894
66373
64617
68363
61346
63537
69051
60396
60170
68492
69669
68952
68994
67528
69534
68949
63229
64169
66382
69701
67131
63960
64451
65680
62706
65070
68109
68539
62998
61510
68288
62792
60287
65157
63100
64587
64025
69951
64746
62846
62964
66677
65856
64732
60876
69525
69713
62872
65470
66293
60490
60047
65712
62516
61583
68189
63595
66089
62384
62407
62589
62998
66455
67528
66521
66681
66933
64150
69401
63229
68239
63573
68860
62142
66660
66142
63293
67681
66232
65506
65534
68998
60499
62088
63945
68166
65177
62676
65193
63988
61530
69447
61644
66049
65368
60973
60307
67840
61952
69800
69572
60010
62822
66029
64608
64774
66590
64025
62197
60354
62064
69826
61054
69972
68726
60129
64213
63315
66568
69840
65957
69726
64527
64082
66913
61358
64386
62286
67466
61505
64886
66523
61431
67940
69009
63610
69044
63658
65937
60665
60761
67712
67993
66783
61122
66980
62057
69273
64954
65639
64398
61538
66586
62882
67624
61049
66430
61010
68574
60128
68255
65365
66337
69288
64804
64823
60330
62713
69030
66547
69372
68154
63136
61508
64030
68980
67864
67966
66179
64415
60038
68483
61656
65096
67219
62374
64193
65012
64530
69500
61369
67594
60185
63259
66258
63291
63079
60274
61620
68293
67908
61823
67054
69262
60715
67361
63333
66862
60508
63629
62306
61737
60657
63768
65221
60114
67135
69663
67079
62689
69353
67260
69750
69645
63346
69021
61932
66696
66347
69866
69808
61920
66442
62959
68230
60806
60889
69526
68615
67391
61959
62518
66409
62699
69709
67383
67898
67769
66947
64473
63459
67466
62857
66686
61897
63041
68226
62813
68448
65884
67032
61783
67215
62334
66268
65482
67342
69522
68308
68169
61068
65229
67871
68618
60941
60538
68679
67092
62965
62628
63300
63003
62190
66518
63325
60663
67364
68768
66038
69964
61683
63195
68029
65968
67335
68503
65840
66438
62628
60427
68644
69148
61774
66423
68220
61437
69071
69258
67029
62933
61211
66950
66069
68634
63665
60425
60378
63588
69743
66977
61539
62308
63779
67171
63338
65776
63134
65179
68879
66352
67226
67698
64843
66284
65623
64582
61374
68595
61409
65125
64080
60114
60476
67495
68056
65151
62169
65297
62483
64898
61827
64407
68350
62023
61121
65302
61196
62122
67840
60956
65317
63692
62778
68031
65894
66135
67730
69562
60667
60912
65236
60662
63395
64420
67694
64829
67189
62447
60728
67390
66961
65094
63280
64324
66786
67967
64817
69268
69715
60133
68228
68826
64750
61832
65533
66518
68082
65277
62348
68645
63470
69994
66229
61145
69670
60108
63435
65133
61215
64743
68464
60222
62502
64268
60799
68950
64169
64518
63674
62686
65017
68298
60420
69232
62377
68516
64950
65012
68750
60074
64287
60224
62765
68324
62696
63593
68110
60311
68941
64505
64900
61296
60451
64197
64169
63126
60784
64392
67658
62909
69678
61353
61866
60119
68168
65632
67457
67819
64806
62999
62559
68955
62828
69981
61217
61846
62298
68263
66322
69936
65674
65774
69728
69614
60065
68723
60911
66516
64503
68078
69567
65069
65975
65987
66805
68258
63651
62549
64246
64611
66790
60961
60249
67192
68141
69571
67744
65058
61282
62649
68694
61065
67351
67798
66094
61170
63839
66830
65571
69451
65755
68686
65187
69959
67345
67476
63790
61193
60760
66131
65453
61519
66618
66255
69895
64172
60198
67803
66591
68595
66207
67970
63283
60858
64489
67277
68005
69612
68819
62289
67400
65635
61041
68575
63110
62410
63182
64621
62325
62363
60897
67208
68183
68392
62627
61473
60672
63173
60191
64322
68905
69318
68173
68165
61199
61948
61443
63060
60276
61478
62412
69233
67059
68490
62225
68721
68053
64463
62976
64376
68096
61823
61257
66844
62384
64260
66884
65316
69110
63641
64451
65789
66801
62905
69551
61394
68488
65347
65948
62944
68226
69409
64744
64272
64136
64679
61703
66144
66175
69204
64285
64598
66107
60390
65627
64401
61797
61802
68788
65963
67856
65964
60856
64565
69938
68934
63210
64020
60520
65843
61164
62991
69877
67861
63512
61119
67153
60135
60070
63839
62903
67102
63220
69288
66313
66298
67671
68090
67398
64304
61173
66936
66932
68749
67756
69891
64593
68477
64246
67117
68871
69900
60210
69327
60651
61316
61338
67703
66075
68582
66281
63213
63256
64849
67419
66335
61758
64345
66726
68029
63354
65126
68911
65476
67500
68594
65383
61571
65230
64182
64208
65451
60708
66061
63210
62451
60567
65001
65623
65790
67322
62562
60324
69013
64662
66698
61529
67760
69205
67542
66087
61800
65460
69660
60017
63406
68115
62368
69768
66152
68573
62863
67834
68984
60676
67848
66831
64043
63936
68093
60897
63104
61275
66962
68381
66756
62283
68297
65180
62462
62276
61270
63805
62507
62095
69799
69254
60504
63488
61981
69160
65607
60180
60589
62270
66864
65282
69159
66328
66269
61563
69438
63678
67942
62291
65037
60494
62665
66841
63033
63469
61461
67083
69922
65973
69330
67663
60895
64232
60369
65746
61665
62939
68514
63512
60272
68805
63919
69777
62174
60081
63587
65441
65760
69820
66299
61206
66939
60734
66098
64932
60863
69934
65643
60363
66061
62518
60584
68544
61224
64015
68793
68191
67747
63033
63744
61510
61752
67096
69652
67543
67749
66638
67058
65949
62379
64373
61481
60354
60737
69866
64479
61856
69659
62034
66000
60115
62066
65494
69274
61541
63948
60222
64628
61561
60921
67833
66634
60663
64388
61900
69733
61979
68321
64256
61146
61548
66416
63929
66230
61066
65947
60513
60732
66935
69039
69130
66382
68733
64281
69871
61151
64823
61581
60635
63158
62787
61030
68611
67675
67580
62145
62300
69999
60883
63308
62939
63029
60981
62514
61481
67337
63688
69555
64824
63211
61337
66711
62958
68732
68643
69670
66825
65273
61381
62945
65296
61964
66257
64336
68436
63692
68068
61180
63432
62940
63341
67007
68986
64406
67968
61045
63774
62766
60089
64544
64640
68130
68397
67305
60613
60839
60432
64966
69535
67055
64964
62640
65118
69297
67571
63298
63587
61526
68698
69935
60718
66700
69104
68997
62025
65801
68405
68826
61162
61272
68666
60919
64160
64501
66440
63717
60026
66574
63490
68318
61464
63832
68537
63004
62980
64944
69804
68847
67473
64212
60879
61717
66591
66567
60482
67036
64556
63372
60059
62330
69955
64518
61862
69229
65104
61556
64104
60943
67939
68641
69142
63444
67161
62910
65221
68575
67339
63600
62265
65160
67044
69665
67433
69794
69726
68969
66722
62467
63994
68214
64767
63402
67278
61696
66168
66598
64384
68688
68161
62416
60388
63816
66279
66284
65542
62129
61742
63056
68327
60736
61757
66937
61714
61863
61662
64977
66763
67968
60896
68111
67209
68172
63134
67468
68424
66648
64637
65247
64266
67877
63840
68848
65682
60695
69500
64146
65689
62913
64381
68776
66359
60966
66335
69176
64770
64521
68927
65711
66545
64254
69286
68675
67565
62142
61726
64251
66705
67480
61893
63520
65040
68623
67648
69565
69874
69935
69740
67356
65136
65831
67419
68652
63233
68920
61569
69450
67292
67281
60715
60661
66837
66639
63266
63647
64465
66879
62774
60981
65806
68686
61640
69410
60181
65378
62695
66344
64751
67001
67409
63414
60663
68651
64082
60658
65737
62611
69301
62677
64569
64389
61212
63803
63561
66049
63689
62698
65388
66305
66366
68111
64641
65765
66673
66583
64019
67477
66513
69753
68301
67406
68025
63640
61584
66901
69994
64778
61749
69303
68905
68402
65013
65877
66377
62008
62522
62024
67771
63582
60433
63314
65145
67527
64705
62341
61386
62905
61902
61571
61381
67989
67702
64462
60348
62322
65542
66920
69119
62479
68842
63882
61049
60569
61577
61248
65514
65132
63634
61705
68478
62539
69356
64082
61508
63263
69927
69779
66785
61465
62867
66558
67146
68216
64790
69516
67019
68375
66796
61418
62211
68666
65390
69727
63952
69796
65669
65652
65343
68603
67655
61333
66406
67191
61118
64867
67303
64713
69023
69309
67992
64105
64799
61012
66544
60398
64048
64700
67688
69481
67014
67532
67760
66150
64165
62072
62145
68150
63571
68572
66574
68511
65409
60242
64170
61947
65919
61323
66025
62346
60352
66643
64263
67439
62103
63121
63025
63646
63075
68174
64654
68747
68565
67383
65440
62608
68450
63886
67732
66428
65351
65005
62976
69193
69519
67353
63287
65900
69743
60303
67515
65912
69267
69094
61489
61386
65866
63111
61074
65047
65574
61868
61000
63854
60307
61131
62057
60046
60634
64230
64147
63923
66282
69142
62955
63323
68632
60167
63562
63226
61396
64164
65154
65166
67969
65193
67212
60186
66526
68182
69032
61006
66820
61728
61223
68702
65882
62533
69995
66766
63318
69136
62416
60709
60759
60551
63619
64498
64150
66261
64970
66092
62050
67577
65563
63069
67863
66813
68133
65935
69037
69942
64420
61087
61648
60459
64374
67568
64502
67002
68162
61822
62921
64972
69916
62407
68710
62858
67357
62328
69459
67280
62045
60048
67285
66834
60803
61510
64407
63783
60119
64605
60534
64331
61761
64343
64927
62771
69688
61753
64247
62158
65441
61988
65782
64309
61634
67468
64518
64930
60907
60023
61654
65433
60760
61930
61624
61649
63065
69516
64470
61012
60719
64568
60499
64061
62902
68161
64536
63122
64724
68731
67847
60889
66634
61220
66762
64297
63931
66947
68433
64554
66929
64481
65772
62488
67915
60263
65580
69472
61873
63961
66183
68103
64166
67626
63429
63541
69836
69596
66850
65961
65996
63800
60982
66906
60911
62618
60350
67525
60793
66773
60490
64621
68080
68873
61516
61263
63022
68158
65196
62292
63779
62786
61293
61477
68893
62535
64000
66314
60024
69211
64711
68473
62108
64235
63067
62801
62755
62889
64264
65398
62600
62533
66923
61807
63581
67737
62488
69621
62688
68716
64082
65941
64562
60705
60016
68990
67541
61026
64735
64984
64217
67414
67910
65826
69390
65937
60544
60602
65414
69310
65557
64003
67381
66738
69083
67753
68296
64562
67914
66968
67499
62923
67962
61906
63922
67424
68391
67051
69467
66339
66168
63652
66782
63295
66166
68909
60033
62580
62676
64830
66843
69191
69219
62475
64574
68606
64855
62751
64297
61873
66875
63241
61409
60056
61709
61633
62682
68349
68135
60241
65754
64238
69510
62843
68519
65965
64603
64582
62722
67267
69836
68057
68153
61838
69281
63874
61286
66335
62568
61921
64943
63827
65033
60407
63619
60581
68891
63333
62481
67801
68994
63437
66725
66545
61818
66942
61986
68395
61729
68418
65774
66676
64296
68961
64561
63016
62418
68546
61056
61875
67421
63892
61448
61293
63862
66455
62967
61552
63810
61290
67971
64729
63599
66425
61947
67162
63656
64123
69320
63751
69916
69945
62767
67714
63520
62882
68833
61911
64053
69997
65108
68210
60389
61992
61953
69444
62375
61890
64810
64514
66042
67666
61521
60923
64816
61021
62744
60595
69267
68781
62562
64235
68376
60394
60682
66663
65958
64882
67233
60595
66961
63261
66117
69128
69645
67917
63101
67843
61352
68729
60408
65901
67480
66811
60405
61726
65602
60694
67205
62983
69233
66465
66475
62418
68640
62940
60533
60835
69332
65299
67974
65986
62370
65767
64466
61496
64474
67924
64110
63033
60071
61992
68812
69938
61872
62065
66505
69247
61361
62679
67698
65619
65646
61307
63871
65086
62538
65448
60501
62719
61428
67802
62157
64313
63570
60712
67008
60041
61691
61507
63339
63623
65534
63698
61245
64043
66867
65067
68508
68076
64792
62600
60874
60979
69771
65957
63429
69570
62677
65716
61573
66633
63390
69954
67227
68078
62009
62929
68320
64621
64553
62577
67368
67878
64198
69362
67990
66722
68551
67565
66601
63493
63245
61588
60180
61245
62214
64011
60020
62587
65419
69220
65674
67875
65507
66261
62913
65519
65903
67251
64471
69998
64179
63150
62565
63802
66199
66982
67773
67975
68491
65714
69670
62185
68576
65901
60867
69334
65584
64948
67528
61580
66360
69359
66302
64371
65509
63733
69682
62573
61337
69390
69274
68122
63464
69523
69161
61734
62086
68541
69646
62193
63274
66892
64996
65455
69500
69043
67503
62418
69666
61554
64174
68552
68307
60195
61662
60827
69353
69940
69680
67340
65867
69297
63052
62897
63495
60957
67820
69428
62047
63996
67378
63560
66551
69002
60455
64939
66442
66382
63980
67953
69080
69860
60334
66406
61759
61703
60303
65380
64517
63568
60184
67043
64627
67036
63893
67462
62469
60859
68714
69644
67635
67772
66332
63953
63575
62277
69210
60815
68892
62268
66024
62205
63452
61571
68867
67783
67885
67510
69252
68748
65788
67477
69546
67494
68928
61150
61415
63964
67106
60466
63094
60238
66002
67761
62855
63342
68242
63590
66914
62518
65262
69657
66205
61273
60076
68999
67934
66399
63999
65143
64647
65878
63559
64255
65643
65055
67366
69536
63018
65836
66568
65023
67360
66747
66623
66811
66161
62691
62635
63261
61405
61953
65231
62225
61448
64614
69083
62494
66320
60884
61545
68770
64873
60099
64612
64278
66821
61102
69423
62805
62652
62568
68871
62465
69637
67478
60528
66722
62716
69358
69063
64361
64901
69208
64610
68991
63041
61072
61108
60372
61257
61119
66569
64448
66198
69774
65417
66263
65347
68986
61572
60161
62072
66988
69806
64602
68846
61094
62024
64740
63123
64995
64601
64519
68702
60764
62684
61432
69145
67402
67450
61355
68746
67074
62701
67862
60906
67446
67916
60329
63351
63500
65878
67763
64598
65031
64353
60796
66275
66708
62934
62553
61504
65950
68133
60229
60381
60213
62074
63107
69805
69290
62746
69494
66382
60145
66634
64574
67932
61491
67819
63549
61278
62835
61103
69597
61377
68021
60593
64147
69652
66460
69316
67783
67391
66164
69892
63659
63488
61466
61087
61772
64460
64889
60130
61605
68669
66996
66100
62763
65997
60268
65394
68010
68829
63051
66312
60844
60141
67441
66132
60172
69718
60618
60695
67978
60105
62577
63501
61955
69744
64469
68569
64001
61951
60833
68905
67202
64852
65890
60350
68473
69243
68769
68755
61369
68417
65035
66973
63751
66468
62212
67009
67986
69299
65154
61793
67113
65642
63022
60516
69048
63736
63415
61259
62305
63029
60771
64703
60924
69232
65534
63134
63356
65369
67771
69656
69907
61107
63962
63559
65999
67538
68465
69119
63987
64877
61841
66756
64576
66061
66631
67463
69960
60119
67456
63645
64753
65373
66389
62158
67471
63990
66411
68176
64913
66262
65484
61782
64091
65065
61264
62659
61571
68399
61821
62122
68035
60664
60835
65883
66668
61363
66729
65382
67614
63310
63916
60313
67085
61088
60933
60064
69032
64511
64622
67155
69241
61137
61701
61540
66624
66509
69089
60573
64124
60723
62161
65866
62132
65173
65765
64853
60597
63882
66243
61867
62135
69686
64008
60806
67339
66725
65240
69047
65222
67204
68223
60184
66280
62166
64454
61347
63007
63151
67263
69420
62855
64064
60907
69297
61609
60291
61321
66455
60965
65166
65594
65609
62663
62281
61038
66970
62966
65785
66260
61731
65505
69828
66060
68787
67549
62618
69157
65424
64594
60146
62755
65742
60871
69622
60791
61880
68803
62851
63342
64817
68774
65361
63103
63433
61655
67985
61129
62816
60448
63730
68078
65400
64136
64309
69111
61376
66399
67490
60260
68089
64148
68541
61641
61605
66061
66501
68138
67511
69239
68704
61404
62134
62908
65100
67888
69842
61694
67240
66424
66868
67419
65496
65448
67166
67585
62066
64321
61234
60752
66643
65401
64541
63896
66223
63562
68204
64461
60468
67634
60936
60316
69292
63907
67895
64136
69882
65266
69060
64792
66236
60804
67019
67286
65496
69811
61636
64470
61831
60943
66991
68345
60440
62052
64159
66091
61361
68692
61968
66125
65212
69606
66665
62482
60720
65662
60613
61602
66963
64654
69566
64204
61609
68102
67881
66345
60136
67823
61079
67991
69974
69371
65601
64477
67874
66674
66287
66063
68358
67200
63158
63496
66107
69795
60388
62921
65328
67984
62054
61820
64735
69969
61143
68727
67642
62812
60643
63399
62822
62381
68086
60862
63324
62482
67822
62251
67208
66363
68530
67778
66298
61210
66977
62271
66469
61635
62894
61732
65762
61273
63965
60169
64616
62525
64413
69509
65956
63305
65423
61883
61470
66146
60745
62738
64489
69473
66197
65319
69110
63005
67539
61896
69889
69265
67172
64772
66317
61024
66483
60612
61549
60105
67302
64884
65431
66440
62881
69360
67710
67538
66120
64477
68517
67571
60299
60151
69681
62199
65527
63126
62282
69922
62308
66324
62918
63293
62133
65819
63632
63601
63884
64035
68168
60821
63957
63556
60296
66530
67478
64551
68302
61273
67770
60228
63428
69428
61316
68941
69039
64008
65855
68653
61603
61026
69962
69277
64191
68066
63502
61093
68117
64522
69671
62939
68621
61615
60992
62118
66008
68715
63595
69127
64559
68784
66395
64169
67709
69826
64356
69185
69448
61084
67941
68664
68758
62467
64047
64831
65982
63164
67274
68008
67458
60735
64179
60900
67509
65119
67361
66349
64924
62912
60631
61712
64441
66074
61363
69438
62415
65745
61134
62634
69863
66281
61242
66447
65373
66785
65325
60981
64983
67440
67401
69080
66081
65757
69920
62823
67597
63492
63142
65858
69350
68445
64033
64811
69233
66585
60236
61898
68159
69056
62187
62637
69134
65461
64389
67059
68654
69557
65061
60200
65750
65980
61895
67797
66414
66945
60499
66113
68896
66011
61265
60587
68423
61936
69832
66625
68246
69413
66127
67253
67625
65048
67040
66579
66322
66335
68168
65071
69515
68554
60815
62490
66648
69567
61432
66986
62648
65276
62030
64366
60227
69154
61742
69798
67496
67713
61689
65352
66013
60019
67552
60671
60573
63455
66875
60811
63527
69798
60997
64814
63221
65384
64734
60945
68300
66644
60456
69685
66992
67621
67049
63546
63298
69192
68392
63573
60026
60705
60437
65992
61986
63443
60783
68901
61354
61977
69692
68080
61207
63767
66905
63117
62516
69647
64343
69803
64537
67777
60781
62509
68438
61517
60938
60667
69274
67275
68072
66802
61955
61844
66115
69661
62732
60019
64703
64891
68914
62310
67978
67463
66002
69522
66009
64558
63260
65585
65835
65004
65839
62618
67696
61522
64017
62450
60833
64976
67849
67018
62404
65685
68594
65969
62518
65390
66635
63582
68157
64913
69310
68670
68872
66797
61056
60537
67494
69203
62564
61230
69863
67249
65288
69367
68569
60602
62562
63622
67042
61631
68823
64593
62007
66719
64014
62220
64229
64435
61086
62188
69810
68173
60715
68817
66833
67609
68839
63828
65092
62854
69426
60057
69831
67553
67014
66736
63947
62318
60964
68232
66964
67889
66165
61316
63220
68194
62922
66943
66169
67085
62187
61321
60495
68938
60930
67582
68803
62552
66467
63781
65060
69790
67864
65133
62683
65302
67138
68412
61164
61289
62936
64249
61502
61782
64596
68730
67336
64191
65055
69088
65632
61966
66945
69609
68072
61152
67391
62890
61875
65334
63529
68496
66658
68015
62550
65768
62198
68815
67225
60017
60442
60060
60268
61688
63981
63300
68653
66200
62327
61069
62057
68112
66825
67848
67969
67038
64776
65553
69686
64289
63458
63151
62406
68623
65126
66997
66947
66664
64776
68391
60230
68576
63496
67472
66592
62385
61561
68076
64265
60996
67073
66469
66867
64377
67916
67954
60668
65660
67075
69297
64554
63973
63945
61614
61093
68700
67167
67915
63944
69568
67733
61876
68941
64476
64634
69524
63638
62273
69158
63563
62826
60883
68093
60796
65605
62051
60568
66763
62949
62812
68022
68074
63404
60309
61876
62188
68524
60990
68920
66406
68987
67420
60091
62712
66931
65928
64366
62750
69993
66158
65853
67716
67763
69208
68768
61225
61955
64509
61984
69322
67414
66825
62107
60727
62320
63859
61606
62118
62390
61821
66445
67802
65718
61005
65868
60498
62006
65936
65502
60084
62366
64991
63816
60180
63614
62488
61076
68186
64049
62232
69445
63044
66055
65235
62613
66373
64573
65909
63470
66864
69466
60422
68695
64882
64107
68100
69870
64043
62145
61752
61760
69229
69341
65648
69716
65961
67596
60498
69818
64363
63856
63210
67353
62025
67454
65503
61467
64019
65628
69493
66452
65029
68431
60262
62998
68109
61090
65132
65982
66927
63957
66844
68868
63527
67644
63204
68640
61619
63679
68861
69345
66189
69060
65840
66774
63843
66481
68222
61598
64685
60658
62918
63346
65795
65188
62887
63035
68381
63699
61319
67958
65555
63620
65358
68164
65331
60896
65706
60507
63939
69157
64131
62786
67835
67451
64326
67475
68867
66487
62830
61784
66020
64548
65792
68424
68850
60692
64257
69318
62269
64701
65326
62713
69712
60334
69079
62706
61867
60875
61449
68985
61123
63722
61385
63781
67709
63806
66582
62466
62064
64006
65826
64010
69424
64412
67544
67607
66825
61265
63588
62170
69765
60730
64416
66115
65624
62265
66898
65872
63611
61280
68756
62910
66462
61037
64309
60706
67448
69276
64631
65043
67307
65948
61480
63320
69665
64596
68455
61121
60222
61425
64685
67202
64525
62924
66097
61272
61511
64993
66770
62460
65153
63984
68247
60196
64524
62803
67789
63401
63412
63269
67504
68328
64179
69301
65050
60173
66998
64191
63180
68673
64844
69204
69784
63291
66612
60059
62274
69329
65646
62461
60178
62300
68568
67799
67617
64254
69834
65339
62993
62400
60681
67836
66643
67308
67280
63323
68488
65293
61785
67044
66774
67110
61731
63973
65885
63060
67743
64181
65900
62753
66908
60419
69100
66349
69286
69732
68915
62912
68054
68648
64965
60660
69543
64555
63799
63380
68035
64244
68659
67022
61615
64263
63220
60590
69590
66761
63594
65858
69031
68746
60125
61129
67845
62375
65468
65302
64458
68748
68312
69822
69668
67991
62709
67788
64495
63916
61434
61389
69000
62459
68052
61179
60920
69234
66449
63243
69726
63079
68462
63232
61228
69251
69949
69448
60223
68038
63130
60687
63830
62028
68382
68386
66161
67961
61778
66771
65734
67207
65622
69170
60669
62231
67994
63409
63098
65123
63872
64343
63473
68246
64817
66915
67473
66369
66367
68898
63089
64270
62316
68477
63106
63728
62876
68163
68699
69055
69362
63204
63149
60896
61447
69587
60781
63882
64357
64036
65132
64892
62399
65967
62128
65203
62108
69296
68532
61585
63028
60157
63326
68529
66599
65188
69823
66241
63998
63793
69315
66742
61877
67017
62820
63518
60904
65079
66123
68494
65781
65418
64703
63805
66969
63168
69379
64844
63739
66403
60544
65330
65376
69183
68705
64819
62360
66486
61717
63955
62179
66407
64589
63043
65051
66705
66008
65060
63301
64696
66843
65103
64378
61804
69817
64439
61574
66636
66242
68830
68408
63381
65267
67618
62306
65504
63448
62137
60747
68286
67591
69514
68350
67546
61828
60595
66511
66057
60651
68844
68159
63642
63252
60403
68949
61679
60922
64193
62783
67867
68487
64920
63946
62470
62818
61175
60314
63010
66283
65419
62142
60362
60690
62577
68726
65576
67749
69229
60876
63384
65357
65912
60611
65316
65130
60935
60696
62628
65521
65300
65770
66826
66573
64785
63654
63484
66920
67082
60146
63245
60997
68986
63122
62443
64562
61076
62071
64604
69662
65040
67340
63246
65901
61912
69303
65854
63538
67790
61436
68679
65302
67336
62836
62116
68079
64337
65141
66787
62647
62901
65949
61195
69497
62498
65921
62822
61433
64980
69480
65895
69147
61960
69759
60684
64216
66485
66796
61167
65119
63803
64312
60164
65747
62225
64439
63643
62635
66545
61660
68777
66665
63317
66922
63584
67364
69392
60393
69460
63074
62552
66653
61788
68241
65830
69245
67944
69887
65142
62463
66486
68906
63253
67007
66072
68258
61757
62714
67781
69355
66764
65950
69858
69978
63269
61464
69659
61913
67835
68479
63584
64171
69108
68669
62109
68118
60970
69248
63710
64148
63657
67893
68399
65631
64057
67457
68897
64771
67593
67502
65040
66766
60552
66571
64923
63172
63586
63826
64486
62744
64171
61164
65796
68192
68279
67263
63093
60268
69257
63145
64829
66375
64948
64789
69396
69530
62472
62064
61997
64880
63772
64875
60231
65243
63993
66741
66332
64160
69121
63265
64737
64803
68867
67944
64672
65760
65770
60599
68792
60181
61691
64333
60542
63077
68461
65369
64907
62649
60287
66407
69446
65452
61728
68162
65130
61938
66523
65678
69388
68425
69385
65686
66985
63940
64959
68786
67872
65518
65618
65550
64998
63531
62472
68807
69209
69396
62059
65268
62844
61651
64523
68459
68387
62751
67793
61471
63647
68214
66248
62432
60318
61763
61686
67801
68492
64958
69004
68593
65736
67501
68954
62469
65657
64851
65567
60259
67543
63096
66400
68935
65641
67125
69631
64293
63884
67049
63213
65717
69492
69572
67768
62229
66751
65530
66757
63774
60501
62181
64520
64167
67393
69005
65263
62464
61784
68721
63790
67658
62335
61059
61828
67537
64799
65388
62188
66304
66281
69756
66650
67149
66339
68091
62499
65305
60695
64383
66897
64374
64028
62499
67940
63671
69360
62952
66141
67179
62877
63448
60366
65340
64681
68281
67756
69356
67921
62797
68092
63915
61047
63029
69200
68371
60492
67349
61495
68243
64019
66529
66603
68622
68151
60933
67056
68590
66650
68767
61558
61062
60839
67244
63008
65598
66714
69361
64547
62692
68258
62550
62266
66790
61137
61897
61896
61873
66053
69865
60773
67817
66427
66462
65704
67947
60803
68689
61967
68199
66374
65739
68616
66147
66388
66912
60491
63768
60831
62502
67904
61264
66748
63997
60847
60552
61844
68879
65724
66049
62587
67022
69130
67322
65940
60214
64996
62831
62061
63712
68525
66520
63843
68895
62808
69325
67977
69028
61717
65814
61420
66001
65753
62107
66555
64446
65890
64992
68148
61104
64125
63730
65289
61506
68470
65417
61873
63094
64381
61963
69940
63748
64286
61789
61171
67368
61780
62121
63208
63618
67295
68425
69094
67241
67627
65975
60115
63467
62561
64781
64576
69926
68014
63206
67646
62232
66624
67461
60313
69936
63494
63887
68679
61895
66952
68419
68384
65267
61590
62968
62747
60343
63610
61591
67410
64191
66551
60239
68673
69703
68836
62686
67549
63047
63282
61748
66610
61776
62672
69352
62100
67842
64846
61154
69539
64664
65322
61458
67015
65042
65465
61987
66745
67181
69394
63700
62107
69397
63426
64293
64324
60171
67699
65280
60242
69138
60808
61641
60257
66313
64768
63865
63303
61423
69451
66972
64088
62534
62738
63558
66217
63361
65066
68255
63748
61608
64800
69123
62831
66473
63916
67446
64557
62074
61838
61160
69933
64951
68973
68703
67956
68041
60457
69486
68199
60549
64967
64354
69994
63006
63033
64435
61356
69470
64242
69588
62115
64278
62974
68300
67359
69103
67830
69330
69294
67105
60842
61650
67857
64947
68663
63312
63038
60116
69504
61757
64752
60586
66329
67775
69316
66167
68977
62832
65126
66069
65297
64809
63937
65207
64128
60329
68336
62526
61012
62797
60430
68254
60898
64027
61562
63406
60783
63934
67957
64083
69210
67107
62591
65149
68880
67313
69297
62736
63225
60980
61141
62677
67740
68530
61448
62453
62110
68058
62497
67538
69716
69317
63876
69114
66992
67221
69759
69054
66267
63145
61957
69808
62240
69195
63491
61337
64012
65307
65652
64632
61764
61566
60049
61506
69554
68424
65947
63299
63479
65665
62398
66981
67502
66884
64099
65688
67600
60037
69680
62179
68586
66159
61242
67912
66939
67743
64346
67482
67296
65505
68361
68022
69863
67191
68128
65823
60951
65001
69206
67933
69076
68752
60645
64739
64613
60412
61165
60698
61891
61866
66927
64248
68756
61849
61637
64698
60160
69880
62654
63396
69119
64713
69958
68880
60514
62336
68392
60827
60633
63883
67395
65632
68094
66931
66619
67233
69863
64637
60274
60388
69422
65892
67827
60030
62854
66279
63757
69583
62583
63974
64490
63107
67818
66947
66324
61048
65386
67822
64196
67010
64550
60579
67492
63440
64656
68913
65711
67414
65020
69518
63810
63832
62333
64814
64287
62213
62022
68725
60671
65037
66538
65973
64990
60110
65314
60082
69977
66785
68267
67774
65338
66035
67163
67762
66200
67354
66880
60093
61044
61255
61694
68135
65876
64742
60048
69053
61148
68522
64977
60200
68072
69003
66328
68242
61323
65109
65250
65006
65865
69831
61016
69088
66661
69097
65201
65044
61363
66002
68458
62640
67706
66752
60717
67093
69333
65772
66472
67465
66033
61341
63025
64483
66937
69839
61050
60902
68176
66260
63622
67264
69652
60959
62006
63386
69162
67798
63922
61250
65887
66827
62724
68086
69474
65409
64033
69418
65350
65329
69683
60557
61708
69832
67567
61639
68699
63745
69918
65666
65726
61918
61914
61214
68516
66032
67074
61486
63587
67512
65873
69194
64146
64768
69228
62411
68048
66239
69077
69962
65434
66873
64138
66198
60931
64550
60111
64051
62907
64693
60086
62180
60127
65878
62736
66677
64434
66561
62966
60361
66542
63258
62149
62957
60908
63441
62807
63633
64777
62257
65666
63300
65980
60731
65363
67830
63807
64567
64778
64940
67398
66862
66968
66856
66478
65119
67957
68082
69976
62764
63289
62602
69095
68065
66152
67656
62744
68820
65158
61895
64885
69470
65379
64132
65307
68397
67152
65185
67638
67089
63318
69391
60959
69569
67063
64214
64312
60054
69338
66125
66596
69117
66950
68384
67876
63844
69855
61728
61950
65421
68913
62055
64203
68377
63443
60182
63200
69344
61267
67496
69285
69574
62614
67883
68496
64699
63276
60720
65566
67265
61669
61909
65422
62413
69113
69925
68683
64758
62555
61698
62956
64982
64205
68768
68396
67959
63120
67600
62953
60328
69631
69207
60010
64356
64694
62307
68696
66638
62739
61121
65065
64754
68403
63606
60546
62321
64638
68451
62586
63087
62139
69457
61248
67646
67746
64083
64693
62174
62588
68863
65907
67193
69031
68191
62841
65755
69241
64499
64196
64705
67135
67283
63497
69685
69790
65596
64820
64441
64034
63659
64531
67602
68839
62040
64782
65638
64397
67521
66113
68952
64329
63172
68493
69182
68308
66460
62418
69708
68604
67261
64249
68081
65520
69534
62896
68629
63514
60127
68139
65859
61902
65678
64439
64430
61495
63897
67900
69456
61240
68672
68196
61691
67012
69356
61772
65741
68061
63378
67346
65877
65304
67885
69889
63244
69647
60495
64614
60306
67826
61460
68240
63206
67886
69536
60817
60425
66314
61671
67743
66541
64149
62275
68229
63245
69877
61269
63477
65824
62840
61374
65055
62275
62048
64184
61598
63900
61782
61422
69806
60830
67180
62518
63987
63214
60116
62117
66855
69039
68129
61473
63173
62469
66868
65813
66977
62424
69624
65694
62553
69705
65845
64156
69149
62383
64235
63011
69469
63412
65034
61044
62404
61455
60363
64043
61168
65772
61162
61629
69032
68688
64160
68657
66186
64625
62576
69593
62910
62986
69792
62742
66199
63277
66123
67421
69258
64770
64970
61289
65877
69735
66174
66898
64598
68817
61139
66239
60778
69483
66472
69565
68219
63622
60271
60095
65825
68391
67963
69344
68932
65132
62648
68751
69409
64866
68264
62072
63396
65210
62568
69534
60642
62845
60954
69171
64813
67680
61375
62929
69818
69719
65329
65165
63285
67295
69734
68955
64602
65820
69802
61293
61610
69498
63570
61687
67012
64534
64601
69929
62810
61304
60571
67883
68695
64672
61935
67033
68189
66176
66679
68198
64580
69184
64290
62379
67197
68234
64485
61972
67410
66828
64022
69765
62901
63652
67931
69047
68212
65885
69906
61939
69339
69598
60251
64615
60244
61532
68806
67479
69559
63556
64538
65552
66444
60960
63138
69333
65625
68407
68886
69227
62938
62864
67277
67260
64382
61086
60487
68254
63634
60374
68584
68895
65260
65199
65623
67181
63441
69057
61207
66667
68925
60428
64946
69561
60162
64074
63329
60288
68046
64094
65983
66420
67592
63101
61024
67048
63978
62711
67258
69564
64858
64111
64378
64642
65650
63900
60955
65726
69546
69630
64051
63751
69443
61504
63545
60014
64655
61549
68938
60104
61346
69253
66269
69650
61907
63112
68088
68256
65190
60850
69914
61461
66467
67170
62556
61797
63232
66796
60779
69116
60598
62312
65346
67224
67892
60842
67257
68565
66300
60961
60105
61204
65926
61395
68940
62682
69462
66055
61740
63453
68825
65735
62662
68560
60581
65395
64619
69956
65734
67401
62395
63464
69574
65276
66519
63755
67662
69595
62418
67890
64723
67498
68986
63037
64302
69945
65656
66730
68300
66354
67267
68740
67224
64497
61627
62007
63905
64706
65489
66408
65738
61273
60888
63154
63061
60740
65236
69523
64226
66250
65413
63330
61091
69513
68197
64038
62213
67119
66801
62731
64842
65877
66045
66336
60987
62666
66739
62377
67265
67905
63212
69352
63038
68125
66633
64366
66417
62397
60725
64061
63122
69372
65815
67048
68900
66584
61763
66094
62220
61288
60244
66116
60302
62623
62111
69671
68208
68157
66119
65081
67651
63985
61155
63604
69491
66453
65307
61104
61441
65346
61598
66590
60429
62855
62013
64673
67269
60071
68565
61507
69814
62848
62598
64091
69606
61900
61235
60965
66198
67773
62961
68258
62756
69934
62698
68816
66369
60649
60397
63718
66538
68525
66177
64855
65749
63656
69351
64456
66729
66169
68285
62454
62014
62593
62978
65408
62804
60010
62491
61327
65717
66191
64917
63181
68022
65045
68439
60183
64217
60622
68211
69933
69385
69642
65308
66470
67682
62048
60763
68917
67514
61467
69858
62952
68476
62577
69262
62645
68989
60426
62332
63331
67701
67464
65985
67156
66176
67719
65885
61659
65202
63917
65389
68371
62094
62607
67693
62749
61806
64360
69904
68998
60354
61004
62414
63322
65093
69491
66852
66975
62712
62477
61161
66115
62489
69007
60890
68921
69272
64772
61652
61671
67969
60335
68910
64577
68883
67465
67704
65045
61155
68220
66791
60709
69764
68828
68729
67148
60100
60525
69932
65447
62898
62528
62403
62960
61555
68098
61969
66548
63234
63245
66163
61328
64994
69051
68602
69549
66240
62823
65712
63591
69198
60302
65931
64284
69837
61049
61172
60745
62677
61744
65229
60761
64262
67665
64077
61385
61733
60870
68561
67845
64895
64708
60843
65139
62437
68233
62156
60755
65586
60786
60902
68836
65318
66570
66960
65828
62531
61397
60149
65117
64053
68950
68272
63539
61226
61871
62869
65728
61950
63801
68883
63250
61538
62065
67818
64221
62497
67163
62629
65666
68446
64390
66605
65284
62790
65019
67777
61466
68466
69280
65054
60422
61110
61057
62153
67105
64333
64713
60705
62240
62448
67715
64424
61240
62941
68867
62111
62015
68263
60853
68461
67777
64111
67526
68108
67827
69259
60923
60179
63998
60210
60339
67715
62938
62484
65959
68783
64758
69166
62520
63820
66669
66520
64272
66821
66225
65911
61110
66340
62498
61069
67169
65977
65136
69808
67381
62989
60592
69719
64575
67993
62045
68072
69504
68339
64519
67170
68895
62656
69547
67759
62066
64335
64351
64731
64962
67252
68950
61332
61548
67917
60895
60350
66443
64405
61364
63361
69364
63929
68270
61992
61538
67716
61702
68393
66555
63965
64564
65628
63323
67109
66551
62519
66752
64325
62794
61652
62601
68315
69397
63699
66498
68741
66893
65990
63600
63379
69186
68363
64538
64041
69958
64705
65380
61643
60689
64337
64173
69405
64477
63383
64287
63079
67646
62639
65288
62394
66768
65089
65324
68414
62184
63167
65146
67400
60354
63180
62772
62953
66454
61834
69553
64687
65498
67771
62925
63510
64996
69182
68499
60693
64631
67129
64287
60361
68789
63014
62873
62746
65896
67805
63080
68645
64465
60086
61353
63863
69528
69770
64418
66107
64670
64397
69078
65806
64312
65364
61995
66620
68042
62110
62192
61037
63831
63334
61647
61375
69788
65655
64877
66757
64735
61755
66625
62181
66333
62043
67964
66684
61764
66121
64944
63762
60016
62935
60731
68731
66742
61402
61654
64484
62317
66500
69983
69258
61273
69344
61386
67418
66578
63611
63024
67049
65369
64813
69016
66155
63716
63406
63612
62692
66725
67463
68823
62284
66878
65763
62512
61514
67886
67521
64952
63955
63538
60717
66735
60744
61015
66984
68583
67430
65999
67379
64073
64060
62496
60000
69608
66046
63781
67361
62026
69194
62100
68743
63210
63498
63867
60289
62734
66749
63939
63557
64169
60859
67298
61406
67997
60895
68932
68662
64251
69248
63070
63822
60999
65119
61016
67209
60542
62563
62833
60456
63839
68671
61818
61982
65069
67196
62351
63187
62455
61891
61027
60522
68561
68134
68214
69277
63059
61070
62183
65975
63706
63370
60762
67587
66676
66015
66117
67441
65747
61031
66716
69641
60892
65971
66758
66128
60782
66147
67477
63056
60410
62081
66547
66084
64600
66463
61581
67403
60515
67034
61172
60810
67430
69213
62277
65019
60057
65071
65865
69527
62429
63274
63712
61807
63041
68012
67966
69408
68276
63607
61695
65588
60439
65469
63005
62546
68724
67409
67520
62009
66311
69906
64014
68949
64449
63875
65823
60575
64855
69718
66291
69359
65066
62001
69944
65833
67466
65977
62364
64185
61641
63328
60787
61238
61426
61033
64355
67323
62575
69048
67630
65758
64311
69606
63492
66171
68195
63391
61885
65746
60729
65562
68978
61620
61902
67692
67274
67119
60475
60010
60965
64306
68244
62068
62389
65384
69723
68903
64834
65920
60749
64107
64135
63549
69346
60803
66527
66858
64877
66494
63008
60467
66961
67964
61152
64010
63943
67979
63704
64634
61812
66415
69587
64961
68355
64602
67020
60997
64088
63185
60300
67413
61035
60597
61540
60805
62774
61359
66135
65095
64354
60878
66065
67036
68638
66105
68267
63974
66448
69535
66275
60451
61463
67352
62062
65033
67261
61231
61603
63807
63111
67281
62074
62426
67161
64947
60776
64262
60536
63283
65895
68276
63497
61954
67036
66529
65338
69562
69092
67933
62928
62454
66473
61794
68964
63037
65953
61954
69888
67791
65493
69966
65149
61710
63274
63610
64041
67641
65854
65265
63713
66170
66907
63209
62067
64109
68283
67717
62307
67379
63303
63014
61634
67143
68122
65575
65206
66434
60764
69055
67920
68164
69004
66218
60757
64435
67653
68621
65515
61350
63014
65554
61583
63154
67258
64714
61074
64472
68326
68481
64142
69641
61566
61272
64555
63698
67788
65435
66742
60457
68656
65425
69415
69286
64430
62560
67620
63681
60940
65598
64595
61570
62373
65556
67176
69354
63983
66733
63655
69166
64117
69730
60972
61544
68131
66424
68912
63796
67681
61287
62594
67668
67656
68257
60930
68658
69575
67413
67985
63258
64674
61143
66209
69753
62082
65181
65334
62821
67531
65928
68440
62072
65817
61813
67143
69969
65912
63076
61152
65074
61051
61356
63561
62468
67372
67710
62132
64358
63775
65287
68590
60385
62544
60799
62445
68946
64969
67105
63262
67984
68724
67790
65418
66090
64068
63440
62395
62554
64082
68453
63440
68021
60093
66722
64021
65801
67207
64255
62927
67546
66424
66944
63097
66010
69227
62028
60294
61921
67693
62568
63590
61600
68222
65237
64310
66895
69774
63093
65547
69263
68157
66624
62656
65353
66345
68355
66244
62348
67070
68535
63070
67477
68002
62067
67027
67636
61727
69690
61899
61815
62396
69660
69928
61197
68486
69720
65438
69198
66371
62946
60676
66465
62585
65234
61888
63909
63588
66663
67194
60223
60588
63712
64289
69010
63597
64425
65187
64639
63207
64020
67291
65259
60848
64116
64922
66026
68240
64829
63093
65508
64605
65279
65803
63499
65835
64729
64425
69024
63246
63531
67837
63175
60824
60326
64906
62618
68932
69538
61603
66090
69337
61109
69641
68018
61105
62604
60810
60507
69435
62392
61403
67390
69808
61397
64069
61753
67981
60090
60252
61424
62290
66859
64949
65280
68482
63645
66948
66896
68890
64846
61952
61083
67121
65882
62999
63123
66651
68519
62481
60173
66710
61082
62704
69224
61670
63039
67419
66230
60795
65054
65047
66606
63635
67606
65420
68141
62628
63521
65777
63575
68540
62371
68495
61552
66243
67576
62540
61506
68056
60268
63028
60121
69359
67516
68409
64466
66521
66302
62787
69624
60332
68850
61670
66720
69040
69330
63062
60587
63897
66743
62201
65027
66662
63887
67506
67594
62901
67715
67309
65136
67121
62071
61809
65959
65786
69866
62377
64407
62098
68052
60772
68892
62018
65422
64160
64961
64511
60231
67916
60864
60207
61887
67094
64277
61773
68583
69207
65293
66147
60596
65464
62652
63529
67242
65001
67249
60479
63956
66781
69435
64827
64844
66823
64326
68237
65162
64230
62447
68199
67687
68060
61341
64976
66675
68521
67513
60649
63229
60194
67041
66721
66261
62019
67499
64001
63985
68657
63463
63462
61867
60478
62790
69594
64333
64920
61123
68424
69134
60257
67609
60803
65301
63911
65700
67830
67826
61351
69096
69357
64847
68376
64360
68394
65980
69091
68562
63939
63685
64263
62418
62265
63043
69879
66829
62024
69193
63755
63462
61644
65804
68783
68070
68466
62438
65037
68635
67816
63408
69377
69068
66774
65869
60400
63227
61804
60226
68643
63303
61579
61699
66793
61236
66384
67890
62316
61784
63255
63533
65417
61070
61689
60273
68503
65036
68183
66268
69460
68053
69120
67693
69938
63162
60616
61809
61587
61891
60790
69153
67726
63390
64643
60645
65269
69782
64244
63885
61914
67018
67211
61814
66566
68302
64660
65997
66760
60177
65691
66305
65464
69766
69273
68512
61037
65316
65961
61427
68363
61201
61237
65581
66226
62841
69490
66194
65814
66615
62664
64176
67957
64792
60382
60263
62123
65705
69058
69025
68544
65011
65878
61452
65902
64692
69870
67105
60957
62676
66278
69395
63188
67425
62407
60467
67106
68648
62762
65363
67213
67436
68816
68685
65760
66518
64095
60788
61448
64098
68367
64718
67979
62793
65681
69536
65002
68551
69779
60478
60386
63111
66947
61465
61989
67571
60784
60887
69153
63921
65538
67304
68963
66033
64692
67714
60037
61523
69293
67398
67021
61137
66151
66986
62323
62895
69485
69355
67674
64062
60855
66255
67030
65220
61291
62130
64096
67215
66404
60514
62219
63518
69983
66593
61838
67730
64064
68046
60767
68306
63807
65116
65623
60393
63632
60011
68460
67694
67022
65215
61315
65639
66153
60031
62738
60844
69094
64796
64664
60815
61699
62596
64966
62181
68501
69026
60937
65334
61949
61552
61571
68300
62133
61394
62022
62921
69784
62477
61893
61955
63777
63973
60118
66594
60641
65226
63116
60072
67635
64443
69615
64541
62832
65437
65113
65170
65380
69907
61248
67579
66569
66290
60572
62131
67710
60034
65149
61335
63919
64300
68239
64717
63883
64576
61880
68824
64414
65438
69648
68756
65204
62796
63064
61593
63536
60372
62175
61397
60947
64839
65701
60081
63818
60113
63770
68377
67690
67599
66784
66377
60776
65855
67223
63678
65523
60106
67302
65020
68404
69298
64318
68516
67134
65986
67249
60024
61450
62247
62712
69065
68219
63015
65724
68777
64220
66768
60910
64829
60218
62330
62736
65991
68106
69704
69175
62075
68833
62317
61804
63355
62594
67823
66724
69253
64326
64719
64969
63062
66962
62397
68068
63799
62049
63009
64302
65877
62398
64503
63851
62250
64204
65565
66523
66897
66763
64827
64019
68078
66298
68677
69825
64686
66734
64269
63701
64157
64271
66942
64509
61935
64540
64129
64623
69279
60780
61071
61531
68308
69029
67170
67433
60635
61603
65651
65557
68658
63290
63347
62771
66666
65654
61910
61633
62251
63549
66483
61438
67218
64577
63008
67077
61189
66573
60691
66527
60381
60392
61909
62678
68667
65316
67827
62850
67969
62183
64362
69822
60258
65010
69762
61531
64017
65291
62036
62632
63863
64455
61759
60100
63233
68995
63341
66731
66512
69712
65760
60953
68805
61158
61990
68735
68662
69942
64843
63515
61491
60810
65817
63061
69173
67608
62670
67978
64390
62151
60913
65166
66612
67772
64192
60944
60320
65946
68606
62814
65058
63702
66415
65837
61216
66789
65324
69476
65060
68539
60500
63434
61450
67213
67890
66450
62939
65226
69001
60366
69511
62126
69278
62828
64059
69434
64529
65938
64926
69540
62370
64885
68267
62724
68619
60121
69872
66086
61759
69014
68141
65650
62098
68069
67366
68268
66134
64787
63231
63043
60744
69014
60457
62964
66287
67266
65934
66206
62523
69884
69333
63110
66271
60150
67188
69233
65193
66501
65766
67091
67769
63858
62636
69188
65558
67714
66790
62770
60191
65168
62429
62371
64174
60304
62042
69665
61557
67490
60333
61394
61789
65032
61675
65232
67685
63391
60303
60293
66300
66669
64255
63739
69748
63469
61180
67405
61526
63358
66563
68707
62709
68172
62694
68238
61584
63172
69702
62384
69704
61676
68417
63059
67154
68204
68441
68250
69889
69404
63845
66416
62418
69055
63198
65005
69799
63318
60258
68348
63975
65059
66577
63036
60761
61544
67539
69477
65511
68105
68877
66829
67391
61476
61607
64727
64513
60410
69490
69304
64728
67927
64625
62903
69823
69075
63589
66555
64026
60440
68651
61830
61309
62808
66032
63962
69757
66370
65903
61312
65462
68635
66899
67164
62862
68825
61283
68609
63182
68967
65557
63856
67783
61068
65352
63676
68565
61873
62692
64899
63323
61493
68388
63884
69970
69904
62202
65708
69863
65767
68719
60450
67150
65328
67374
61406
67984
65244
60979
61305
60751
62120
68264
61711
66034
63244
62453
67622
62949
67565
69678
64038
66670
63314
68184
63732
60535
68819
61686
65794
64916
66059
67992
62667
64215
62287
67070
69329
62793
63649
61083
62025
60437
66162
62631
65546
68029
63608
66402
67426
64509
68986
63757
64619
66916
65976
69397
63248
66324
69568
64174
64811
63841
60459
68367
62893
62458
66137
65298
62862
62531
62658
66033
63295
60940
65049
62084
61936
66547
60981
64533
60913
67492
61928
64813
65580
69078
68343
64471
68917
64505
60580
68707
68697
64564
65255
61201
67804
66563
67527
65799
68992
67185
63397
64014
64174
68794
62522
65964
64876
63766
61284
66372
64882
66831
67892
66541
68303
61129
66129
67881
66299
69691
62064
62433
63512
60431
68486
61141
60909
69334
65118
61130
65160
63533
68805
69155
65968
63220
66726
69543
61810
68929
67472
61451
61447
68630
69325
62079
63265
67285
62451
69584
66995
60051
61881
61868
62714
69123
61126
65188
60136
63417
62081
69545
67165
69683
65444
66228
60437
63483
67330
66523
62152
68510
61961
69635
66874
63134
67370
62146
69188
63805
60892
60966
68108
65908
63910
66658
66933
64073
60769
64275
67922
65531
65090
64385
69564
62112
67804
67844
60515
68743
65143
64056
68318
68878
61563
63944
62916
60217
62104
65673
64689
67271
61050
63286
64204
60846
68922
65836
66248
68379
67804
67338
63798
63195
65815
65955
68571
65210
65108
64149
63519
60407
64237
60248
69244
61466
64918
65872
60656
67354
65289
62939
62428
65390
66601
68629
61777
65312
67943
66583
64961
61224
64102
67888
69482
63959
64917
65919
67458
63319
60622
65024
66860
66986
66563
64171
66416
60435
62422
63214
66842
60101
65611
61209
65765
60276
65851
63345
66212
62718
68130
65489
68873
66790
64195
63082
66462
67131
68544
64175
64457
65275
63458
64780
66260
61448
69072
68370
62395
62841
68664
60385
62725
65073
66426
62865
67903
64247
64796
64005
61246
68048
61133
62310
65060
65672
68960
65298
66085
68006
67322
68246
63157
61450
62884
69356
66466
61067
63333
63879
61841
61300
67353
61242
65395
65427
66004
66040
63543
68112
62677
65842
60934
68959
63970
66230
64149
68800
61796
66205
62147
64593
67850
65162
65407
63290
65128
66018
64455
69783
67654
67721
65040
69156
68752
64409
61625
68834
60273
67758
63032
61964
60037
63703
64109
69385
62392
64620
65089
63847
67312
63335
65978
66845
66696
65846
66717
65357
62687
65553
65155
63052
61699
62929
63926
68144
69608
61095
64201
67960
68064
69562
69017
68474
69276
65490
61346
65642
66756
64297
62433
64151
62504
69158
64032
68388
66890
61999
64154
69875
66130
66970
69656
65198
63607
61046
60611
68559
65586
65423
60766
63446
68853
65656
65589
68674
67711
68114
64426
65028
60391
65285
66108
60131
60436
62652
67976
60749
66917
65483
66750
63761
68410
64691
65919
69271
69615
67140
68408
61919
66198
67245
65156
69388
63008
63532
69939
60255
63132
65940
68295
66931
60467
67074
63693
63198
66428
63375
67273
60082
62213
60206
68393
68178
61666
68257
61993
69396
66170
67315
65356
66135
62238
67468
61235
61308
64531
67112
66508
68358
61853
61730
65533
66428
61367
67382
65193
62177
66728
68039
64274
66402
69156
66511
63236
60564
66532
64520
61728
65630
64556
68715
60246
63173
65709
65876
69239
66641
66302
62377
63635
68859
69279
60098
63312
60393
60554
63409
60318
62218
69705
69581
61807
65306
61565
68053
63592
69184
63941
62338
62983
61314
68009
62039
61147
69224
62259
61453
64607
67710
67826
65506
62706
64167
62951
63450
62859
66097
66941
65603
68251
66216
69518
68735
63259
62211
69692
61191
60335
60162
69436
69778
68346
62925
61335
66550
66430
67363
66110
65201
69325
67203
65474
63509
69810
61510
68113
60436
61423
62313
61759
63919
69933
68724
62309
68105
65172
69074
61712
66870
65805
67028
69973
63809
68341
62433
63032
67580
68295
62726
67491
65470
65759
66153
65228
67360
69884
63728
65761
66896
66734
62919
61927
66573
62829
62371
64878
68739
62323
63624
67724
65005
69201
62757
63230
62504
67145
62150
69909
66548
68794
60165
62570
65772
62995
64419
67924
67636
63368
62566
63204
69305
63967
63003
65921
61310
68211
66777
65867
69196
65317
61091
66242
61365
64487
64308
69411
69730
60797
62090
64202
63463
68359
64422
65883
65108
65680
63660
67001
62647
65350
64460
67119
60724
65205
67465
62144
69157
60927
69970
69441
67125
60674
68434
63187
66961
60791
69669
65555
62350
67915
69815
63196
61935
66828
62788
65267
60791
65353
62815
68740
69075
67220
68833
69109
69245
61402
62119
69794
60685
61683
62300
61468
63332
63414
61069
63385
69929
65304
67396
62341
69923
62904
62793
61344
66688
66966
60278
69296
63764
64288
66084
65008
65106
60823
68883
63758
68939
66846
67301
62233
64772
61813
62858
68206
68354
62149
62097
64559
69915
68682
68652
63396
66895
61675
63252
64885
63566
60494
67287
67204
66427
61832
63404
68506
66066
65100
64875
69186
63302
66120
63968
62857
69857
60555
68389
67477
61533
66669
64036
63822
64957
62946
61751
67103
67298
69853
65532
68965
62045
66614
69764
61323
62956
63239
63428
60512
62554
65250
69934
60112
61205
63570
62306
63464
67705
64831
64711
62357
62584
68029
63045
66676
60876
61880
69200
60901
61952
63491
65936
67252
60243
63034
61874
62015
62125
61012
69003
61121
61080
64373
68331
63403
65338
65262
62826
65125
69662
61516
60626
67348
65674
61138
65654
68499
63154
63937
67234
68101
68155
62284
65090
64061
62426
69492
61165
65099
62633
68739
65151
61994
67198
67621
66279
66136
63158
63447
69978
61552
65421
62219
64344
67071
65986
69847
67994
68545
61323
67634
67866
67186
61887
65281
62789
68968
69024
63784
66232
61787
60920
67431
69544
61603
61138
68850
65221
66152
60341
63525
68246
64966
64273
60553
62392
67436
68799
64538
67524
66436
65848
69455
63418
63619
62503
69100
65358
63932
69135
60287
66889
61112
61493
64360
65485
62969
65947
69772
67623
65115
66720
63508
60755
64468
68877
61917
61031
69333
61055
62207
67260
61157
67514
64249
63571
64152
69930
68636
65499
62913
65539
60987
66827
64863
69748
64396
67386
63910
68117
61603
65264
64064
64741
65981
60374
66908
61510
65764
60177
64809
65432
69058
62505
62547
69307
68135
64900
63629
64368
60279
64648
63993
62203
69002
68786
65016
67291
63848
68745
69788
60726
69210
60025
61477
60408
62565
63319
60253
62834
60382
69810
65749
66920
65587
60073
65297
60803
63897
62917
64295
68483
67625
67828
63992
64298
64608
62219
63663
69760
66798
62627
68748
69067
67771
67186
63819
66725
60883
65258
69456
63153
60168
68897
65061
61888
64173
60023
65443
65048
68888
66614
67605
62109
69687
61002
65588
60701
63764
63458
65446
67151
63941
64641
69463
68788
61916
61210
68605
69650
64019
69913
64827
66171
65400
66800
60355
69661
69162
69884
69359
67948
65430
65501
68523
69440
61611
60927
66941
69008
69139
68378
62489
66634
63923
68418
61381
66522
67380
64039
69957
66540
62483
60165
62902
65256
64519
67202
60125
66588
69458
61385
65252
60149
63712
69147
62337
68730
67888
67508
63803
63048
63638
67568
61827
67882
67176
63592
67469
63026
65159
65881
66653
67097
68674
61654
69808
62196
68898
64513
62433
62619
63608
69683
67157
61425
67194
69224
63962
64491
68064
68648
64146
62883
66422
63992
65342
60888
62262
66276
69452
68812
68151
68505
62694
66817
63842
68888
67138
68459
60121
62792
66085
60371
67396
65091
61429
67563
60504
64045
69745
62190
64959
67608
65275
67329
61440
63159
62189
66289
64705
62041
65563
62286
60314
61030
60353
62935
67551
63842
60317
68956
69756
67162
64321
66708
63921
67308
65738
69744
69840
65608
61773
65443
65373
62856
63451
68956
68451
65784
63734
68191
68330
61394
60785
60377
68312
68216
65734
62875
69642
67064
69470
68298
61635
67727
60989
66806
66195
62146
60566
66431
65871
69132
64684
65717
63303
60419
66007
61605
66549
62960
60979
69485
69105
67760
69595
61678
65668
61254
66830
65195
64697
61277
62795
69557
66622
65983
69229
60730
62224
60760
63196
67753
69135
65104
64964
64526
65655
68741
65972
60393
60191
63820
64499
69676
61472
67955
61206
62077
69413
61061
64078
63037
69000
67483
62428
65523
69895
63740
62659
62504
62600
61374
64210
62392
67945
63817
62765
68124
60459
66035
69184
64226
67720
65704
66871
65202
67193
65170
67317
62892
69237
64066
63416
60070
60000
63567
62815
62467
60719
64537
69048
61684
60584
63512
66481
66962
68780
62410
66201
64708
67575
60133
63912
60805
62391
66826
67607
62255
66680
64445
62351
61507
69137
60503
61840
68942
68277
65400
61579
66403
64722
67552
66507
67431
64701
64727
66670
67899
69195
64411
68164
64113
61916
60846
62977
64142
65896
61438
60583
62107
62838
60650
66202
64507
61574
65205
65461
62224
62002
60444
62893
61839
68666
64028
62163
65082
63820
69827
69215
65844
63215
61778
65622
60009
69151
64812
68367
64561
64391
67498
63976
68928
67401
68964
69480
63309
64114
60889
60060
65859
63898
63852
63343
63045
67732
66181
63346
65222
64750
62604
62831
62528
69238
69437
61433
64597
63926
62851
68362
61217
67020
66834
62687
60113
69771
67850
61251
62303
68587
63953
64146
65107
60708
67075
60303
67811
65283
68618
61268
65258
62321
60064
69501
60157
60436
62328
68647
65810
60570
69821
67147
67098
66940
67813
63283
69098
68355
64540
69288
69483
62732
62762
64512
62996
65155
68964
62799
63705
65152
62255
67203
63490
61975
69156
65970
63295
67654
64941
67315
67007
66315
66967
66934
66542
64848
60503
61420
60689
64402
63005
62807
69579
64348
68443
64293
61266
60405
69374
64885
66832
66407
60732
61174
65684
64854
65996
67740
63250
64810
63363
63795
69169
67001
66779
62581
65239
65006
64345
61780
68881
68343
64440
67719
69700
67948
68174
63522
63817
67028
65268
61505
63097
60632
69327
63130
64143
65386
67603
65565
64961
66796
69811
62557
65603
65297
60343
68711
62746
63763
68311
60499
67178
68627
60243
64369
67459
63905
60976
62183
62656
62466
69317
66865
61963
61702
66376
66628
69280
61377
66120
64441
66378
69881
69679
60492
69131
61406
67194
69333
67497
60587
63576
60102
61420
63062
67486
67781
61617
60105
66001
65776
66348
62990
61010
65304
62710
68057
67186
65017
63692
66593
65547
65106
60352
64604
61080
63718
61793
66286
67671
69956
64310
61585
68683
66933
65103
62646
66903
60403
65208
66096
63329
63363
60957
68169
60251
64659
63196
67477
60450
60119
68728
65854
60968
68030
69016
61186
66880
66885
67041
67354
67773
62215
64398
65530
67207
61085
67201
67915
63361
67351
61185
69740
67252
68135
63498
67827
63467
62140
61117
64359
67168
63407
63567
62617
60280
69912
60670
67417
69246
64986
64439
66707
66505
60984
67878
62385
67924
68835
62486
67771
68845
64154
60544
66362
62070
60461
67882
61509
62208
62692
67766
69491
62057
69693
66784
69066
68422
62670
69168
69068
66685
67657
66858
61830
65738
63999
68783
64333
67474
67572
64356
60828
67929
66996
62967
60401
60382
63449
63365
60444
64255
69870
64291
62328
67472
63304
60427
68701
64103
64941
65802
62785
63583
65990
60175
68812
62562
63975
62569
69297
65528
63233
60153
69242
65761
65461
69950
69558
63872
60999
65492
62007
67219
69205
60460
65770
69818
66768
66588
61423
69028
66069
63683
61489
62248
61835
65466
68054
64137
63227
66128
66968
62456
60231
68987
65056
68540
67780
60445
61453
66607
68364
69550
66681
64647
64076
65915
63431
68469
61991
66474
61125
69632
62603
64633
62282
67451
69611
63712
62487
65047
60788
60294
67330
69490
63887
62056
69036
66492
68568
68987
62767
60822
65203
66508
67523
64624
64074
63934
69421
67183
63943
61982
65778
61303
67290
68565
66840
63465
60606
62987
68285
67155
62028
64855
61685
61391
65364
65470
62003
69351
69077
66335
60899
65215
61140
61470
62125
60880
65878
67692
60617
68016
66836
69767
60017
65115
60571
65365
64319
63610
69793
68161
68073
61956
60773
66062
66181
61617
69097
65574
68682
64335
69934
62605
68111
65735
63820
64621
67074
66387
66617
69021
61440
67743
62810
67818
60236
67053
64570
69285
66754
62289
65129
63093
66642
65429
63927
66640
67833
69987
62723
66771
64028
66629
66387
62903
68184
68877
69462
64673
64921
69470
69745
69666
61132
66769
63111
64529
62166
69743
69596
65820
66957
69533
69362
65335
69167
65392
68584
68297
63051
62847
69517
61838
62074
62359
66050
65459
65564
67468
65924
64811
63640
62405
63408
65049
63527
60548
61773
60271
60972
66681
63128
61098
68920
68041
64344
63320
61912
61357
61658
66732
68664
65736
63318
64758
67261
64073
69146
62269
67014
68962
68250
61145
68589
62526
61312
60525
69333
63496
61800
61465
63833
68962
61317
63760
60717
62718
67830
66068
65446
66880
61990
69149
65448
68553
65967
66033
68282
68718
61250
62218
65764
66229
66735
63652
66978
65825
66092
60147
60900
65410
63850
67154
65038
64505
62977
69350
69897
62723
62790
65377
60360
64416
64977
64262
64150
63222
67233
60514
64415
68118
68536
66727
68164
60847
67475
69627
64828
63059
65184
67919
69500
60385
67413
68074
63567
69786
66077
67195
61394
66001
69213
60525
65472
62675
69687
64807
64012
63861
67248
67716
64364
61958
65520
67879
62829
68893
65428
69628
66437
68352
69193
61563
65103
68225
64496
68228
63181
64065
66740
69794
67921
66332
68414
65464
68548
66470
68477
62554
63797
69442
61438
64648
67597
63255
65303
69057
62294
69234
69969
65925
66339
60299
62759
68771
68648
68364
65800
68958
65012
66111
60732
64698
62871
62867
69842
68517
69507
69077
69115
65812
65316
68962
67952
61128
68180
66339
62316
68078
67163
64315
62947
63447
63770
65567
67931
65973
66822
66279
69407
65516
62649
63436
67459
68900
65722
62171
60384
64578
66142
67083
69396
69441
69453
69108
67599
67610
61122
67335
67565
62831
62759
63455
69239
63226
69629
65002
60032
69589
69337
62407
61959
66137
69726
64023
66463
65717
69930
62763
66176
69809
62326
67744
64265
67366
64687
64423
66274
65505
61204
67138
66374
69406
68275
68636
69814
68351
65942
62232
66032
69796
68700
63562
62339
63612
60010
60547
66411
64172
63335
62160
66903
68834
68728
68834
65432
67577
68123
69970
69894
60001
64326
66892
68628
62734
68423
62793
67279
62406
67826
64768
65412
66780
62491
66849
67854
69361
69989
67115
66594
60885
61062
66414
62613
64438
66028
61002
63494
69649
69013
66500
61827
65390
61336
65968
61520
69718
67587
60605
63946
60428
67950
67610
63539
69504
68141
66083
62917
60001
63960
68485
60917
64453
60915
62154
63019
69766
60623
62625
62554
64746
64784
68118
62824
62886
64377
62445
64794
64870
66470
61788
62382
62345
63496
69349
67532
66961
60203
60700
60226
66424
61616
61800
64397
62337
61284
61130
69305
63020
62849
67160
67338
68131
69559
62449
63452
60949
65716
66087
68487
68446
61249
66884
68467
68928
65628
60773
64630
61938
60131
67180
64447
65364
68137
60813
62155
60245
61544
67248
68438
64651
67687
62998
62818
64178
65191
63304
69024
68108
69088
63819
63178
67079
65219
65552
66953
60237
61448
65965
63064
67273
68553
62956
68400
63474
66772
62618
60911
64020
64951
66120
69969
67066
67977
65821
66325
63881
64778
65844
67032
68280
63533
67711
62726
66914
62951
67363
69517
66571
68465
65914
65424
64616
60047
62833
61732
63893
63933
66879
62977
64019
64048
67096
65341
66815
60134
63448
62174
64861
68696
64249
67078
68598
69731
65452
69518
69245
66934
65083
65321
61910
61552
64613
64530
65690
60417
67908
62107
65325
66781
67555
62751
62003
68564
67809
69697
69295
62360
63196
68783
63882
63122
61882
63305
69727
68843
63329
62215
68648
66733
60474
64068
69865
62415
67665
61798
66048
66469
66978
68881
63606
63310
67132
65714
60523
65810
61218
66188
65945
65352
61730
68286
61853
61058
63956
69330
68691
63846
61709
65990
63614
60636
62575
61554
62126
61550
63384
68114
61337
68283
60462
69288
65775
64941
63350
69921
64797
63587
65145
62775
63944
65521
67415
68659
61344
65858
62700
65674
64192
63375
63013
65277
69688
69803
68501
67733
69411
62710
66401
67198
66051
63993
66816
67121
66654
61605
68432
69996
67102
65579
64318
61539
68406
60704
65175
68335
66593
67253
65024
69697
64435
68057
62197
69015
65101
64920
66729
67267
64907
69866
63769
61476
64798
67060
61446
63912
67912
69336
60812
63627
63657
69259
64912
60488
67081
68373
63840
63327
66016
69877
62687
68023
67448
69350
69730
68389
68904
65344
62894
62584
60223
66672
63562
60449
66055
66046
68129
62615
69641
60351
69363
60559
64005
66285
61591
67861
67549
66351
66005
66841
67216
64291
64961
61480
63906
60883
67072
67078
61606
60761
68073
69438
63837
68423
65981
61563
68430
66892
62924
63786
64428
65648
60128
64089
62904
65403
67047
68938
66920
66025
60378
61402
64496
60510
63797
62526
62451
62289
64656
63995
68306
65329
69582
64960
62037
66526
66957
63574
69422
67692
60592
64268
63929
60084
65547
65059
64702
67849
64042
65343
64028
68058
66639
63468
68865
64027
61492
65182
67518
65550
62359
68536
64327
64333
64264
68219
62379
65453
64257
62423
66678
65970
63508
68368
67936
69970
66182
68353
60232
65244
69949
66854
64130
60601
62791
60552
60549
64338
60858
67462
69653
63827
62488
68321
63354
63333
64283
63278
69623
62213
66082
69600
61755
68453
63082
61542
65955
63155
64953
61888
66190
60000
63792
65708
66106
60008
65014
60841
64002
65970
67880
66311
68339
62805
65257
69435
68067
69817
65411
64750
64188
68308
62177
63017
66381
63348
63671
66578
61276
61618
63860
68107
67023
68217
65789
63406
62150
64049
60015
65312
65414
62003
66889
65027
67314
64525
66759
69181
63276
67347
67820
65853
63097
64202
67430
60373
61211
65115
68997
62272
67543
66549
63214
67980
69312
65084
69393
60024
69974
67618
69888
62357
62722
60100
68228
63201
62399
63726
69456
61317
61555
62214
69377
68969
63424
66277
67977
65029
67091
61748
61061
