74614
77832
75944
73367
77488
78658
72780
75830
76015
77501
70954
79463
74895
78118
71026
78412
79144
71815
76683
75145
73800
71378
72587
71431
78701
78238
76301
79805
74371
78815
74544
71561
70471
76216
74688
78937
76629
79066
70876
71143
76519
70062
70346
76160
79997
73064
79680
72800
74821
79008
72540
70448
79034
77751
70161
77102
77428
75059
73392
79856
70683
71384
70381
75809
73763
71843
77147
75538
70899
74830
79230
75731
78168
70097
71351
72345
71003
75792
78614
70759
73281
77969
77153
74782
76614
75353
74310
72080
73360
76795
78474
79632
74516
78769
76494
79143
74149
75506
72252
79013
75299
74919
73395
76394
78392
79348
74506
70180
72140
71325
74065
73330
78588
71062
79427
70842
78566
74163
78738
77908
71100
75197
71247
71294
70554
75169
77752
75847
78210
78715
71090
77153
70819
79858
72512
70867
77229
73559
73538
78979
75643
73978
74475
73392
78257
79337
70151
77577
77094
77601
70626
77775
74696
76802
79647
76272
75986
78770
76428
70565
73125
75271
76988
73936
73438
71118
79715
74868
71627
79673
76081
75060
71374
72373
71519
78333
78179
75362
73339
75671
74825
73158
72286
74812
73198
71382
71808
76363
71376
78005
74479
72218
72857
75336
78105
76246
75616
72996
75031
71635
72254
75528
76887
74101
78939
76946
73630
75211
70059
78537
70068
75520
77551
75534
75308
72876
78719
72890
70526
77335
74028
70316
78320
70418
76833
72006
72520
73109
70288
77004
70778
73968
72802
72056
73538
75989
72309
79957
72023
78423
71343
72922
74812
77711
79474
72273
77214
79845
76984
72910
70223
75036
73861
73411
76100
74387
71129
70384
75814
77418
77359
78750
79468
78771
71798
77977
74658
72179
76940
78003
79225
79868
77653
77556
74285
75998
70951
71894
70606
73407
70395
76602
76407
73990
71772
79025
77477
74370
72144
79153
71165
70161
72700
77324
74206
74092
76905
77000
70632
75543
79390
77022
70093
71617
77716
79283
78776
72787
78736
74531
74818
79355
73581
71147
77637
78506
70509
79179
75891
75555
72791
74644
71934
77151
79635
77186
71590
78662
71734
77520
76811
72726
79439
79808
75346
71078
70798
78068
75985
77107
78727
75062
70062
72373
71459
76700
79988
76279
78040
74941
73344
74484
71171
77415
76747
78256
72945
72544
77114
73941
75146
74813
79229
78999
74709
76019
77587
78657
76632
74826
77367
75093
71208
78749
74086
79329
79787
79833
74008
74493
73419
77686
77672
77973
71759
71318
77093
79123
75354
74245
73064
78655
73062
75732
72816
75613
77782
74685
79829
77933
77854
71739
76964
72963
78594
79371
71318
75066
78225
79483
74184
78427
75160
72853
72322
74526
79085
75071
77404
75410
76527
79158
78922
75838
72768
75911
72111
79650
75818
79220
76520
78315
74933
75083
72744
72496
75675
79857
74519
70696
75886
75402
70910
72558
72103
76208
78626
78251
73914
76337
77645
79513
74566
72057
74266
72374
79722
79455
74471
76379
72678
74932
77071
70214
73600
70546
70443
79015
72358
75421
78932
74386
79400
79098
74938
74161
76782
72603
70577
75279
71927
78286
78404
79797
79997
70007
74168
71036
76860
71140
75791
74111
73540
79031
71878
72708
74786
71053
79898
71857
78916
79202
78934
74650
73464
77290
74354
79417
71298
77232
72106
72675
74909
78676
78478
72322
72274
79250
77098
75030
76405
71112
78710
71546
72017
73138
70847
73706
77045
77085
73885
77360
73729
70390
77187
76143
73900
77849
74032
72015
75685
79398
76854
79857
74420
71422
74959
75069
78763
74586
75320
75032
74170
72081
73328
77636
79782
78299
74426
72614
71492
79508
79463
74336
73527
74868
76286
77951
73215
78249
77600
74253
78780
78767
70451
72514
77988
70666
75827
74677
76244
71264
77798
78734
76369
79021
70417
73931
78680
72490
77120
75504
79236
74887
71803
72053
76136
78344
72909
74380
78654
76514
71902
70645
71593
74128
75290
79017
77782
77353
75033
75662
74902
79359
75590
72879
78918
71366
77134
79433
75352
70631
73526
72778
71303
73313
70532
70710
75723
71984
74472
78249
72760
74662
73963
74025
73174
74657
77799
79338
71797
78303
70089
72152
74820
70663
79754
77809
79249
77707
75237
77956
78350
77092
76852
79332
71077
78725
78572
74419
70537
70553
78273
76679
76427
74656
70449
74146
78985
73672
78224
76467
77537
77779
72157
72113
74976
78069
71744
74499
70608
72991
71792
77970
77763
70705
79946
77228
79226
71733
73470
76682
73157
73040
73150
79386
74458
76850
79632
78788
71767
74896
72896
70326
78194
71564
78635
74076
74734
77452
76313
74104
78870
78214
72391
74964
77327
72273
78819
70854
71138
74936
71246
78369
73233
75802
73622
79473
73623
70936
75852
77358
74910
71215
79012
74186
71331
73533
78245
76369
77842
72056
76915
79996
71839
72625
76864
76292
79052
74580
78673
74591
76847
70748
72722
78196
72731
78195
76547
76717
73215
79389
76479
76996
78323
75937
71910
73581
70064
74721
78622
78843
78921
79380
73600
72306
71059
78417
77489
78531
70337
74900
72423
72982
73469
71722
72367
75707
73679
70706
70271
73364
78104
73421
71380
71180
76800
76556
74841
77730
76741
74899
76400
77102
72465
70562
73419
74966
76119
77928
79707
77332
73591
70008
71726
73397
70132
73366
79630
76748
78408
75593
76276
72417
74299
71421
74875
70824
70893
71007
71246
73444
79128
76647
79802
79231
74330
72263
73323
75249
71459
73336
75337
79775
78350
73691
70504
71197
75409
79472
72779
71448
72299
70017
73331
78430
77000
79906
70207
77886
70278
76427
79535
71550
79088
71923
73729
75023
75731
71050
75563
75812
75678
78858
78285
79223
75899
76753
70970
77400
77248
79933
75241
74698
79024
71675
74144
70797
71156
76966
76498
71472
79627
70418
70356
75802
73761
71136
77342
77709
79735
70288
75591
79233
73341
75447
72757
72674
76388
79529
72152
78851
75404
71069
74438
79128
78294
76940
74511
79541
74521
78216
78220
76435
76976
74800
76376
74299
79251
74722
74158
78188
70258
79514
72460
75057
79281
77988
73977
70614
78454
76895
70923
70885
76371
78447
73125
70585
76101
71491
74967
73612
73213
75236
77149
74484
74591
71879
74551
73403
76801
77211
74630
71752
73553
76331
71723
79332
75413
74996
71394
79374
71338
75773
75521
72491
70815
72205
73228
76114
77462
73449
74935
71669
79770
76525
76835
77783
72343
73201
70908
74149
71479
73803
71241
77318
72210
70789
70838
76654
70037
70814
74397
75978
79506
75148
71576
73982
73501
74872
72183
74436
71661
79012
79380
75379
73702
70945
79561
75057
73573
70813
77815
71169
73360
79437
76090
79153
71648
72269
77064
74706
79641
70309
70530
75502
79767
78570
70639
77160
75732
71692
71772
78923
70000
70591
77956
75202
74556
73668
75808
70195
73461
71024
73758
74101
71204
70368
70976
71106
79110
78869
77861
71300
73214
76071
76200
70925
70890
79171
71201
77981
70273
73447
79462
73082
76036
77442
76656
78686
77464
74624
76217
73354
79899
70663
75617
71509
78641
78234
79993
73335
75153
79288
73794
73916
79050
78108
79897
75481
75730
77169
72224
71720
78788
71776
72243
78528
78329
78806
71965
71256
71207
79450
76049
74562
76855
75841
73441
77298
72850
76633
74613
71535
77650
77213
73930
71748
74053
76045
77899
77517
75839
79881
79164
70640
71770
77002
72966
75467
75683
79535
77509
79506
78765
72933
72156
79819
70247
73208
77723
79630
75745
70191
71274
78666
78275
78200
73742
70237
75546
73821
72491
77842
78590
74231
72494
74156
70970
78449
79180
75674
74894
78236
73206
76989
70380
74962
72433
79706
76308
73716
79177
72339
77652
76138
71471
79184
71505
79063
75505
78121
75577
76885
72674
79582
76794
71762
78736
71501
74333
77268
74470
77966
70992
77899
76915
72508
79108
78973
77791
70484
72457
78876
71011
78849
73491
78377
74339
75767
76110
79755
71200
76967
77726
71895
77381
70533
70821
76145
73980
76893
73429
71759
72296
76189
79986
79038
78588
70910
78878
72894
76612
77700
70669
79519
73703
78588
71461
74058
71747
78545
79148
77755
77912
73221
76408
78915
71187
78019
73218
73186
79912
77201
73381
75192
72331
79689
74105
75318
76919
76371
75046
72597
71719
72288
73343
77055
72278
75906
74219
72651
75880
76827
72458
74952
75733
72743
78686
76109
72524
76237
75828
73338
72338
72109
75298
76128
79295
76297
79549
71698
78495
78195
77456
77842
79830
79175
71671
77234
76083
71491
72563
77516
79331
73334
71657
77029
78158
77847
78573
76945
74393
76118
79410
76714
72213
76785
71212
71246
74300
77803
76725
75058
79449
79096
75993
70725
73532
78385
76508
76406
71059
76280
71612
79979
77688
70919
77631
75351
74992
76850
73841
79886
77577
77678
75757
70589
79163
77045
71502
70659
78682
77933
72996
77341
79604
75997
78640
76627
75733
78637
71740
70278
74523
77884
79488
75900
74618
71804
70532
71345
77743
76102
75324
70589
76353
74870
72316
79417
77510
77019
74828
75742
70339
72835
77926
71182
79130
73318
72037
77657
76633
73457
70155
75176
72436
79495
78500
74746
79463
79304
76269
73389
77529
74537
78730
76605
76708
72940
79307
77339
74799
79318
70566
79450
72573
74050
71020
78045
77692
78763
74536
78604
73182
79775
71810
71805
79184
71309
78822
71168
77319
72057
75506
76193
75472
70707
78944
74572
77048
78278
79341
73188
72826
77700
73737
79145
75426
73994
71971
78860
76097
71618
71756
75381
71045
79031
74900
71510
79850
74438
74679
79066
71630
70752
75152
72687
75605
72328
76835
79915
71413
70775
79541
78006
71157
72235
72437
71911
79515
73937
73404
77154
70450
73538
74642
75975
79066
70777
79131
75029
74991
77326
73023
78166
79274
77357
72357
78406
70267
78317
78563
79044
75188
78673
76160
75049
73157
76972
77772
72383
72375
74477
76119
74687
78802
71838
70023
73892
76228
78784
71584
73762
77914
74669
74720
73093
78150
76850
71009
78370
78007
73335
77388
74047
73321
75919
71702
72298
74519
70104
76287
73068
77291
78526
76837
79588
70299
75287
73664
74104
71117
79641
75087
73526
74449
78824
78229
74940
77266
71443
70722
76474
73982
74829
77972
79893
71028
72021
74538
77469
74280
76636
74900
77164
74643
76782
78443
76989
76834
72393
75826
71498
73886
73861
79084
70813
75228
73733
75784
75340
79330
77315
78336
77370
72858
72569
73189
74125
77014
74399
71025
75522
78357
73548
78332
73884
75736
75712
72728
72160
77197
72200
79323
71823
70716
79486
73005
71553
70455
71333
72075
73044
75834
73838
71908
70854
74212
70696
73430
79059
79179
73241
70131
78673
75565
77464
79038
76280
79145
78025
75638
76141
73726
77578
70077
75137
70783
78187
72131
72375
77187
70475
75431
72986
74641
75308
77206
78748
70430
72254
78412
76481
72835
78854
70546
78900
76144
74816
79640
71565
79549
75657
75013
73883
71455
71011
70174
71754
75713
73869
75968
74360
79107
78339
71501
77860
70080
75168
76704
74286
77108
76240
71482
74843
71419
71516
70309
72957
72789
74510
77861
73931
79068
75245
70835
74875
79769
72889
73424
70689
71555
73776
79115
79310
78799
74350
79435
72190
75525
72745
71078
73999
75956
77138
76425
78964
79703
73837
78919
79881
74167
73095
73949
79877
71105
76109
77970
76286
76550
72303
73413
70611
73234
72092
74630
78500
72523
76595
70568
78903
78489
72469
73196
72101
70190
76966
76769
72223
79510
75603
71962
71000
70950
72425
70618
76028
76680
70726
71414
78596
74828
70330
74065
73285
71521
76047
79903
73942
77493
70737
79597
78403
78210
75609
74616
77370
72443
79809
77595
71258
77924
71137
78224
72450
74336
79827
75473
79457
73269
77711
74034
73728
71933
75829
72693
79521
72495
74519
75023
72143
71647
71434
78269
70139
75737
74499
74578
72537
75157
78870
79841
73163
78005
79148
79314
70175
77077
70766
75944
70509
76143
77299
76817
75691
71147
73727
75561
77623
79500
79138
73649
70366
75931
76251
71556
76682
76522
79265
71498
76169
73487
76002
77107
75187
72002
75087
71783
77446
77001
74013
76718
78123
72205
79317
71607
73705
75849
75817
75935
74334
77616
77887
76377
75389
79065
72080
76342
70294
75505
77056
76963
77052
70701
73756
74967
76929
77064
75999
71740
74863
73043
79310
79671
77653
76329
73665
76358
77845
76170
74040
74645
78282
70616
71211
76609
74764
74825
74054
72601
72002
74700
73771
72227
71078
76080
79917
72771
75036
73455
77876
71973
72870
73763
77535
76296
71191
70194
73298
72870
77168
78142
76286
73138
75931
70433
70616
78925
70579
71817
76963
77082
73169
73289
78287
77200
70631
75318
74548
77953
70400
75265
75514
71569
76763
78378
73369
72641
70389
73629
79699
77038
70353
75347
74677
79038
70028
79118
79774
79950
75715
75748
79171
79487
79567
70204
79189
71946
76468
73426
79528
72838
77857
73625
74863
78033
74199
70283
70462
76734
71783
78442
70862
71596
78832
73070
76361
74199
70545
73309
78126
71722
72608
74208
79030
71154
77949
79217
73999
70679
72106
70125
70597
73949
78380
72419
77880
71906
75209
73081
79099
78520
74613
74766
71767
71358
72429
74949
76803
75263
78134
71187
76986
77563
74508
73941
73799
76241
75124
76529
70901
78251
70707
77755
71896
73813
73782
76494
79888
73885
74702
79102
76365
72288
71145
79893
77362
70965
77491
72122
75578
76717
70066
71947
78145
70451
79239
70623
71058
75405
79522
70857
72974
79153
74463
71667
73003
75266
73910
72378
79422
74440
77479
70435
78814
71608
79496
79610
78037
75127
77523
74881
74658
76450
78687
77752
74973
73881
75457
71135
72623
71983
75275
76021
74917
79002
76478
73131
78482
78264
76341
71489
70588
75938
75744
72447
77629
76757
78953
72043
77609
71372
76327
76823
79205
73810
72356
78204
76025
75242
71413
78339
70964
70676
78784
76034
72280
78541
75156
74731
79918
79185
78582
75852
77915
77256
79108
79814
76297
74655
77799
73988
73792
75282
73631
71495
70864
70158
78902
77300
71142
71682
76210
78355
78123
78730
77791
72686
73192
70133
71086
78269
70461
72638
72767
76305
73706
70906
77107
75044
70767
71293
73631
79753
71186
78243
73227
71551
73550
71928
71564
72902
70054
78480
73565
70335
77123
79617
72955
75637
72587
76749
76423
75162
71866
75770
72852
73218
77896
72649
74203
79501
72117
76669
76185
72495
76744
77691
73607
70399
71741
76180
77439
78692
73488
79911
78065
78738
75893
79216
71920
75001
78936
73471
76776
79346
74032
75071
74314
79706
70402
73618
77299
76934
71727
72215
72659
78059
77759
79848
71093
76351
71272
78662
78433
78641
76766
72619
73932
78107
73675
74497
75892
76436
73474
71477
75592
72671
77049
75682
76349
77336
75980
74936
75749
79499
78936
70733
75533
71312
72341
74975
75478
79274
72619
74360
74706
73970
75913
71485
76278
70343
79949
74699
78706
78732
71927
74542
71040
72810
75732
73202
76568
74348
71573
74834
73866
76285
71214
78821
72890
74986
72391
75109
78155
79742
76697
70561
70618
72612
76256
77996
74868
74480
75841
75016
78403
73895
78744
78031
75397
73650
76667
77993
78194
76359
76170
78270
75931
74341
76824
71813
71245
71012
79086
74314
72754
70684
73148
72404
73181
71175
73533
71112
70379
78962
78044
72775
71297
79740
73823
70389
76933
78198
77747
71986
79759
79584
73156
79050
73706
72200
79993
71201
70859
74361
70853
71417
78280
71535
71131
70940
72998
79407
77492
70639
73159
76419
75232
76120
78553
74978
71739
77140
74293
73982
70221
77992
77304
76544
75168
74448
76439
75905
78572
74575
73567
79378
73849
75262
74742
74888
72614
73690
77719
77157
77995
73097
74486
70938
76978
75193
75256
76800
73475
77379
73386
70946
73227
71504
79072
74281
71448
72321
73379
77534
74208
78048
73097
78624
74937
72443
71293
75641
78167
77697
77982
73837
73626
70086
70329
77844
75167
75813
71985
70970
70649
72766
76764
71858
70836
75005
72711
75069
77693
70731
78782
76226
75003
71194
77894
74212
77172
77559
76858
72653
75250
75087
75866
70387
72787
79159
77610
75971
77914
75663
78881
74409
72241
79020
75514
75201
71595
74777
74963
79629
78413
70064
79422
71705
70690
74474
76442
71644
77769
75950
73279
72889
79005
71122
75831
73737
77308
77191
72960
72441
75980
72967
72225
70284
73825
79915
73637
70584
70565
70204
73872
72842
71785
77648
74603
70308
70287
79169
75087
76150
78591
78945
70940
78070
75547
74760
78173
73770
78549
76244
73978
79936
71686
77674
73508
75598
79295
73772
74936
76634
73864
75581
73470
71958
77000
74874
78663
73508
72273
79816
78356
71525
79121
71606
76906
73830
77756
71709
74963
72785
76000
71941
72997
76475
70334
75138
71001
71275
75094
72453
72397
71400
75706
74419
70983
77315
74125
76815
75990
78938
77249
79134
71783
71470
71944
72970
75558
71360
73569
79987
78504
77459
78390
74333
73336
77690
74117
72300
73830
74749
76943
72858
70078
75253
77944
76254
76523
75546
76451
74340
78528
73923
73106
75458
77230
73425
70723
78796
71727
71561
76765
77974
72270
73311
77285
71267
78067
71601
78537
76374
78549
75052
79068
70915
77494
76286
72112
75951
75288
75296
75346
78743
75788
71497
72688
72670
70709
74911
70682
76807
76330
71692
70263
74971
74356
71665
73196
74258
71269
75891
71324
76020
78209
70403
75932
78078
76496
78214
73961
75513
72260
75434
77614
78852
77357
78934
73962
72634
72704
72365
71577
74435
74502
74525
71912
74259
73426
79112
74180
76855
71789
77680
73849
75034
73932
78293
76460
70319
70662
70776
70507
78386
79397
75762
75342
70655
77911
78772
72682
70120
70994
72481
73184
79066
76234
79992
72776
78652
77162
79472
76946
75514
79506
75803
75040
78523
78985
78075
70767
79622
77178
72635
79564
76266
75338
70236
78258
79417
74719
72336
77555
70245
75975
76043
73269
70782
79504
79335
77933
78554
73206
78259
70453
72963
74085
75586
77799
71593
75348
76053
79392
77979
71227
76777
71794
78406
77594
72670
78583
74296
77657
75769
77907
78398
78482
74269
78070
77606
75918
71758
79761
72519
72613
79645
72021
74072
76240
76117
77918
70526
72791
73066
75020
73881
72866
78410
75239
73422
77247
74956
78384
75468
71718
78551
73850
72674
70111
77645
75279
73248
78835
73577
73731
70302
75793
75919
75929
74226
71494
70025
75495
76462
70443
74580
76714
71317
76421
75370
72371
73601
76149
77771
79429
73742
72019
74528
78946
78805
76042
77263
79512
77347
74013
79871
76695
78422
70963
79451
74521
70190
76436
75754
78848
71583
70865
73274
76643
71262
72362
71016
79624
71706
76619
73796
75538
72682
71312
75437
75376
77592
70362
78659
70297
78214
72736
78630
77683
78213
75091
77157
71808
73478
77484
72341
70936
77793
76625
74127
79309
75676
71694
79633
79443
70283
73636
73423
77439
73221
79996
76931
71602
74839
73885
78154
72546
78081
77450
77408
71188
76387
77345
77461
79573
76225
72144
76687
78270
77900
79365
72009
73280
73997
72842
74332
74818
73469
79543
72971
70121
70787
78622
77104
72539
73778
74476
71688
79536
70840
79901
72472
72961
78082
75041
79756
75973
79555
72767
73336
72329
79298
71377
71765
75413
72132
71029
77449
76331
71298
71239
75400
72686
74918
72907
77518
72213
70008
79873
76157
78386
72290
71766
70454
78299
72426
72085
76370
76645
74449
72813
76747
73481
70148
79675
70804
77584
73957
70170
73447
71695
76505
79879
73522
70705
71380
71244
76726
78934
78923
73007
73258
78039
72878
77791
72499
72838
70592
79929
77027
78307
75115
75607
76074
77395
78058
72566
74191
75919
75306
77250
74316
77791
73837
73069
75712
71070
76789
74706
76299
72958
75644
79831
75817
79736
72950
71421
70916
75843
76351
71011
75809
74862
74858
75601
72437
73956
71270
78725
72228
72522
70467
79211
77474
75217
71857
79566
74124
79345
75731
79564
79351
76656
77451
79632
76637
79997
70486
72941
78331
76002
79135
74704
70620
76001
74446
72135
78700
78685
72336
78761
70547
79700
71176
72337
76166
75320
77252
76474
75406
79627
70377
72289
71564
77178
78714
77863
79826
76101
71351
70107
79333
79711
79586
75767
75152
78311
72985
75692
71745
76653
74302
79298
72697
76694
78113
74139
72364
79746
71636
78940
73906
76889
72606
77068
74716
71618
78325
71458
74644
74060
72037
71281
74630
71870
77620
75285
73340
78871
71281
76663
77249
78895
79389
79539
75230
78910
74893
77739
72171
72472
70864
72353
77391
71845
78621
75810
72700
74682
79632
76661
71832
79103
74907
71066
77692
79174
72979
74125
76334
71362
77715
76603
76958
71330
70177
70346
75289
79643
74561
78756
73716
74356
76830
77041
75257
78293
76072
70658
70058
78855
72865
79342
72460
78649
75937
78441
73908
75901
78288
78876
71956
74666
76608
71993
78462
76173
73283
75804
70701
74307
78589
74687
77559
70171
71779
75468
79242
72976
73670
78995
72998
77063
70074
77821
79255
77790
74966
77395
72235
72205
74615
70300
76663
73973
79094
70499
77471
75855
75545
77300
72556
77165
78365
76798
79590
78148
75115
71930
76640
77931
73312
70959
72927
77844
72556
78195
70445
77267
78432
70065
79345
74905
79522
74278
70014
74384
76486
79732
72593
79435
72702
70093
70303
70557
79193
74504
76428
72019
72701
74756
76014
75346
74694
79450
72471
73009
70788
72152
76096
73951
74626
72366
76279
70781
77628
75258
71630
77010
76145
78507
72604
71519
70579
72385
79334
76627
76780
72254
73321
75558
78672
70999
75407
74911
72437
72638
74001
77813
76860
77301
76947
73816
71425
72128
77595
72358
73660
72203
70654
77582
79853
70604
76227
73676
78764
76895
71071
71554
76240
78918
74552
79617
79738
73642
73058
73672
75699
78976
70661
73615
79406
79989
75751
77425
76546
79732
73021
76204
78015
77034
77721
77551
74677
71026
74409
78352
76793
74929
75557
72276
73577
79672
76331
71673
71995
71285
70610
78385
70300
74710
79892
73053
71034
70627
71113
77903
70284
71243
71603
73716
74810
75584
79415
77691
76343
74762
75091
75285
72831
72958
76542
75725
79688
70378
72201
77866
70225
70351
78828
70369
73337
73884
79457
77698
78260
71509
73825
71419
70760
74046
78356
74412
72446
71039
75234
74205
75101
78042
70488
70428
74851
71681
79072
70549
76852
74476
70939
77542
79709
79780
75811
72860
70307
70856
75966
78232
73938
77136
75708
70160
71660
74977
73415
71723
76660
79890
77053
77327
74096
72101
76862
77355
74320
77605
79574
71348
77726
72362
76951
70292
70528
78223
77701
70866
74721
75303
75903
77107
72192
77039
70944
77815
72485
70966
73686
71285
76081
70376
71087
72424
70238
79438
76801
71185
72379
77115
78448
75393
76841
73277
73177
75491
74374
73745
71900
73517
70228
79733
79150
73710
75849
71098
79920
77549
71292
72162
76994
71728
70290
73436
72354
73602
77569
72571
73988
74994
78522
73046
75151
71863
74591
79691
76492
74347
73858
76020
72781
78920
75234
79494
75014
72035
76367
77371
75563
72486
79939
77574
78736
77967
70375
76152
71634
79811
73136
75306
70482
78733
71781
73753
75789
73570
73732
74187
75602
74432
74308
71026
79902
71514
70015
75285
70749
70844
76271
72406
72177
78681
71828
73206
71029
76995
71987
77698
74940
73442
75355
76488
76492
70643
74407
74688
73201
71185
78374
78844
71448
76730
78086
78245
78717
71923
76345
78164
72586
76335
74083
74074
76785
70606
72151
72687
74363
76171
70898
77788
75473
71437
74882
76265
72650
71170
78050
72469
79548
79972
75477
77127
70105
75176
71390
70360
73792
79308
79607
77059
79253
77307
71752
76883
72960
79124
70633
70410
71748
74016
71056
77624
78090
78890
77985
74847
74789
79384
72442
71452
71405
79013
78841
78267
78184
78696
73557
75450
74515
76221
73420
78777
78008
72829
74589
79807
77170
71967
76774
77165
75368
73497
75144
73338
76264
75152
72411
73766
71220
71891
76578
72804
77340
72937
75605
74146
70729
75748
78877
71691
73310
75959
76750
70515
73156
72400
73694
76601
77611
76718
77598
78275
75731
77824
77633
71946
71547
72430
75752
79635
72500
74252
72398
76079
78012
76148
75238
78686
71620
71367
70895
74549
76349
72420
73534
74868
77079
78622
70892
78630
75548
76285
77895
74230
73315
78739
70343
79791
75536
76896
76321
70409
73718
74900
70971
73282
78752
79555
71035
79728
76475
76699
79219
76483
76766
72450
74801
77339
73761
72361
76164
70187
79151
76885
72962
73821
72724
77305
70496
73493
74332
72289
76515
74144
79260
71553
71170
75450
74652
79801
74108
73422
78046
71048
78825
79134
70372
70704
73286
76352
74815
70416
77575
76318
79833
78517
73852
79775
79336
77202
71275
73395
75504
76016
78687
70257
70092
70129
70861
71718
78155
70988
79885
71107
74122
76414
71865
78031
73863
76994
70551
75756
78001
75681
73709
73142
71088
77945
75115
76891
78450
70511
74880
79507
77555
77758
73515
73283
73533
76168
70582
70894
79144
78908
77101
78701
77930
74537
71976
79783
75534
76146
76606
79841
78263
79818
78602
70674
79831
74173
75043
72675
76945
76013
78083
79960
71880
70572
70870
79141
75527
78742
79721
75531
77523
77774
79292
78580
71033
76432
71082
71776
78498
70350
72028
70843
71245
78415
79169
78148
70233
76426
78415
70473
77421
79972
70287
71948
77232
74497
73186
73889
75424
76874
75203
78499
78312
79442
78789
73968
78733
74438
78703
74374
76390
74017
72575
78955
79318
78657
75139
71839
70059
74627
71739
75105
74855
79433
74082
75177
76684
72655
71331
74984
73252
78454
72671
72058
79235
75147
73214
75818
77970
76753
73762
75613
71585
71132
76314
74838
70111
79492
71486
75384
79508
72377
71000
71004
75751
78008
78301
77813
77092
79855
72971
75042
79493
71652
70162
79430
70801
79725
74475
72198
77722
74475
78892
78399
75912
75105
73232
74631
77529
74295
73359
72606
72551
72431
71900
72846
79786
74170
73576
74928
71058
73697
73445
78101
77359
78838
74296
78869
78898
78346
70254
70178
71908
71150
77239
70207
73861
71126
77358
77458
75283
76035
73519
72835
70766
74681
72603
78688
73969
72043
70397
79447
71393
78176
79130
78375
77566
72998
78954
70237
79879
75740
78009
70211
74783
74803
71775
75276
78304
71019
71386
75442
72914
74939
72261
78733
79677
76627
78981
75602
79280
74692
79668
75597
78078
79784
73312
71521
75611
76644
76460
74073
78152
77927
71463
73019
78845
72486
77099
79306
78700
70597
73787
76208
74319
78664
79857
76610
77595
76366
72358
77807
79831
79915
75760
74853
77732
76114
74554
78390
71546
73239
71260
73168
76262
76445
79599
78980
75230
77319
73745
76659
71814
79512
78433
77903
78775
74954
71477
79255
76950
78059
79751
77310
74510
78537
72072
74385
75569
76967
77568
71296
72256
71106
76110
76635
77486
75078
78157
70011
76616
78025
74992
70051
74926
73609
76717
76694
74466
76815
74630
71249
78135
79919
76619
77033
71134
75194
79087
78007
79862
77948
76580
72767
76230
79847
70752
76484
70917
79085
73624
73950
72620
70978
76165
72754
71547
79782
72167
76788
74507
70174
79089
76796
75841
74685
72102
76454
73097
71629
74928
79621
78911
76578
71202
76812
70840
79257
73098
76690
79052
76929
79730
71447
77704
74740
76447
73290
79627
73328
77570
72935
75471
74051
79323
70039
77893
72600
76769
79740
78525
72485
78412
79169
70499
70890
74800
72676
72116
70744
72912
74769
77879
74504
76443
75344
71568
77103
73181
72629
72273
77795
74589
75441
78412
73218
79436
77884
76591
76892
72860
76378
71920
73590
74611
71077
73859
70539
75364
71104
77019
71240
77990
75849
79471
71865
71463
72561
72056
74631
78682
73889
70962
77343
75883
77677
72393
73373
70587
75323
72547
71750
77032
74317
78317
72752
72908
75199
74136
70401
78876
73095
78220
79622
72841
79243
77063
72456
74215
78480
70553
74699
79538
74529
71248
71591
79724
76089
70511
78799
70933
73257
71024
72805
75602
75596
79928
73049
77548
70275
79351
76677
75179
71168
71371
75623
79873
77519
72652
74840
72342
73832
79890
70036
78419
71048
70981
72975
77120
72705
78420
72535
78052
78817
70769
70108
72291
74483
75300
78620
70704
79865
79861
75501
76350
73117
74885
71252
73071
78075
77076
76923
70703
74081
74737
75765
78386
76184
71018
76598
71431
70151
75358
79038
73879
78186
75358
73604
78466
78107
70956
72957
78026
70806
70323
74035
77561
78273
72209
74708
74179
77210
72604
72688
72865
71305
74512
78943
79694
78610
78433
72587
70488
79154
77674
79353
72139
71920
77029
71120
75891
79595
75554
79695
76700
74155
74159
74083
70458
76263
76599
76797
71382
76697
78027
71421
75094
78588
78774
70604
79100
75128
72236
70944
71214
78556
74851
78777
78272
72776
73022
78832
71963
73706
76531
75902
76006
78638
70517
78185
79023
78272
78395
79848
70487
72852
76243
79437
72856
76898
75128
70301
71670
75373
71578
78901
76745
77824
78031
77022
71874
76026
74414
74254
77462
74964
79260
77872
70373
76596
73735
78227
77945
70798
74799
79126
78606
78112
74346
74314
79806
74475
79623
73141
75086
79004
76473
70773
76041
72054
71043
70889
71619
72287
77461
71709
76791
78297
78692
79416
74937
72432
75301
76540
73491
71918
72148
76755
70339
75102
76212
71619
79282
78716
79654
79335
76452
75407
71003
70310
76016
79489
73928
79425
72700
72837
77433
70312
70723
72166
73515
72650
73596
73560
78319
79508
76872
70041
70690
78124
76451
73211
77590
74132
78302
70557
79362
76230
71599
75884
79034
75552
76149
71524
78960
71595
76751
77443
74955
74446
71645
74205
72797
71291
79568
73850
74473
73668
70116
75174
71862
70814
75056
77662
73688
73584
74057
71363
77531
72858
76895
78361
72429
76185
75606
75216
79178
76445
74288
74677
74839
76742
71299
79354
75142
76444
78447
79578
73485
74313
74434
72676
78058
76006
75301
71085
79259
74876
72904
72306
77996
76970
73549
74576
71763
73388
72860
78293
79406
75771
79634
74744
77428
73556
71032
70491
70338
74894
73759
77871
75082
76601
71088
79525
74915
72399
73545
77589
71194
72814
71863
76257
72536
74582
74421
79782
79531
72195
77808
76668
79782
79282
78352
74801
72432
72950
74533
71572
73505
79896
75021
77655
73456
79151
74767
73069
76078
72628
72041
79334
73607
71334
72606
72163
76278
72014
73322
74939
75864
76339
76393
74444
71782
72267
77180
76781
75263
75167
73083
73260
71752
74471
78294
73104
74232
70152
79447
72293
70483
72179
70116
75605
75419
75232
77956
71939
75596
70432
76829
71419
76742
75614
77720
76425
76744
75761
76459
77713
75878
75613
73297
71066
73319
77190
79245
79581
73923
75965
76766
71575
72128
70804
77858
74383
70454
74394
70882
79848
78512
72888
78584
78194
74707
75724
73677
73129
76895
79212
75065
72546
70112
70334
77366
75978
79236
70470
78696
72096
71901
72226
76893
76948
72351
76436
72291
76416
70021
70520
75985
74388
77597
73860
76108
71543
72074
70638
71055
78293
78877
75645
77843
79472
73520
73993
75805
77600
77465
71362
70688
76242
74854
77449
71894
74856
74604
71611
76061
71793
78002
76356
73503
72676
75371
71295
70100
77239
76645
77441
76163
78886
79771
79332
75535
77745
77710
70352
72695
79782
79557
74845
73035
71651
73752
79131
71604
73419
71729
72375
78617
79017
78445
77423
75797
77333
72202
71151
76249
75256
79923
73692
71955
77616
75623
75952
77217
78009
79188
75246
73427
78761
79799
79614
70377
77934
73308
72354
71996
76189
75731
79709
79892
76574
75644
76243
76349
75868
76709
74434
79541
76959
77824
77274
77638
77943
72468
75261
75223
75113
70688
72068
74948
73791
76866
76373
79744
73136
73942
70890
76046
78410
70058
73437
76483
77010
76734
79070
71255
72564
78659
76744
71060
74804
73887
78748
70802
71588
79860
76260
72585
73439
75015
79739
78501
70281
77969
78626
78605
74676
76245
70804
77109
75781
74372
78649
70336
73499
76776
75117
73219
72862
74372
70311
77301
74538
74994
76208
72033
78540
76890
74854
72959
74721
71382
73195
74875
75424
75509
75966
75430
72799
77940
76558
74784
75710
71829
74611
79925
78916
76343
78283
78048
70246
74616
78539
71974
79891
79575
72634
72034
79570
70718
74026
73058
78371
74248
76358
72144
76341
76223
79869
72745
76521
73344
79611
73280
71080
78848
76186
73936
77411
71613
71386
73646
75628
75012
73047
70309
79776
78327
75743
71242
71235
77594
76497
77584
74296
74652
77622
75913
70706
72840
71983
72689
72077
75335
79528
72295
76505
77393
77747
77446
78482
76950
72887
71506
79231
78932
73211
75866
77987
77422
70347
71951
73395
76389
79896
76659
78225
74058
77824
72064
79890
78226
74918
75067
73869
79809
77581
70372
77090
79744
79594
70606
73543
79998
76122
70708
74978
72899
78200
79838
75396
74224
73203
72928
79217
74611
74423
75760
79527
70687
70729
71997
74586
72037
75540
77913
77912
72650
72850
70782
79693
75773
76869
79822
75001
79267
71028
74409
77372
74489
71522
72862
74648
75499
70367
76533
77688
76941
73017
78144
71538
78358
76003
70376
72953
79869
70761
70542
77782
79186
70832
79881
76681
72723
70974
71440
77826
74218
78372
78841
70883
72731
78066
79322
77360
78130
77051
78340
78622
76251
74021
79787
74380
77823
74697
75373
71244
74908
75828
79108
73062
76157
74539
77987
72194
77478
73487
77921
73621
77855
76480
74802
71833
71007
73637
74155
73820
72327
79969
79252
70174
77132
76350
76810
70284
70610
77221
71411
76946
72081
75117
74662
70291
76173
78104
72746
70901
71341
72573
76528
77200
71812
70467
71652
72779
72452
77002
72163
75180
77345
72200
70125
78844
71919
77153
75412
71412
75354
73825
74411
74410
74708
75421
73705
76412
74683
72888
75001
79264
77312
71908
70507
75655
73938
73962
73807
79401
77856
74429
79814
78158
79692
70534
78882
71991
79217
71984
74305
70180
76641
77575
79532
72989
73647
71744
71249
74715
79434
76075
77162
79292
79858
72090
72768
79932
78388
73339
79731
79884
76060
76730
79551
72232
73841
75328
70138
72844
74926
77462
79642
72080
76343
79835
71418
77670
78951
75590
76371
73290
72432
71783
74077
74807
77191
74553
72063
78900
78210
74446
73434
76803
76864
78799
76598
79336
75450
72862
77314
78006
75767
76444
72448
71003
77455
78243
76942
72214
74013
75754
70269
75968
74410
74666
76395
70199
76047
77990
71675
75924
70433
71832
78462
71510
76420
71656
78269
76064
77067
70188
77257
77468
75305
75686
78556
77058
70436
77191
70448
74783
72221
71615
76822
75775
71788
76014
76444
71689
78954
77263
70594
77941
73653
70476
74396
71015
75136
76985
75771
78360
76348
72487
77365
77120
72477
76010
71034
76898
72044
70803
71500
76083
76104
78924
75643
70875
76135
72361
76591
71085
74013
74822
77200
77027
78125
70014
75840
77374
78078
74179
78511
78717
76768
72921
75195
73756
72617
74972
75120
76543
76675
78411
75118
79993
78987
78098
77637
73016
76133
76586
70119
72046
77173
74618
75445
74472
78347
71471
73921
79574
77864
79875
70907
75878
70832
74987
70595
72589
70981
72025
75652
76697
70201
72538
74532
76700
79135
75009
73059
78482
72042
71517
74591
78840
77002
78523
73536
77353
78148
76488
70278
77913
70072
70003
71691
77029
75794
77369
70311
77257
78771
76187
76998
70576
76308
79375
76417
78337
76412
74277
72068
71537
72660
76035
77720
77602
71968
75244
75113
77603
78281
79049
73562
70892
71136
74319
75714
72497
71861
71295
75116
72332
71663
76207
75492
74226
75334
71756
78645
77117
71422
75056
77787
70372
74784
73675
75741
70097
70212
71737
72934
73588
76502
79710
78423
74593
78748
73452
78257
72951
72914
70386
79424
78336
70831
73230
74363
79347
75605
74642
70522
75965
77168
79334
71856
75554
75180
73735
74276
79978
71821
77128
75056
74174
70169
72329
77012
74568
74755
78442
71834
79092
79716
73015
73409
79244
76471
75964
71164
78617
77276
73095
75537
71655
73196
72714
72491
70973
75038
74874
71706
71546
73608
79125
73515
75305
71318
73293
72968
70224
70566
72782
75503
73860
75628
77155
77625
72495
73830
78347
77711
73512
78667
72760
76605
70446
72250
77712
75040
77287
76941
71218
75041
71007
76384
72934
75510
79068
74260
73249
77916
71703
75045
76958
76667
77121
74819
77735
70128
71507
71728
79708
72506
74627
75100
72841
73812
76213
79416
79547
75039
77874
74324
70964
78285
70239
74735
72677
77083
75274
75666
71328
70462
79272
74918
75492
75383
72872
72980
76495
76091
70678
73584
77439
75674
74502
70241
71580
74654
71085
73782
74428
73770
77273
73437
77480
73309
73043
79296
75307
79299
75523
77153
71879
77684
75206
77669
76479
71173
78934
70539
74335
79923
72906
70944
72160
76395
72943
79931
74238
76790
78577
72580
70349
76318
72136
77813
72915
73218
73911
71527
77025
76934
79780
70374
73692
79128
78171
76940
73635
72322
79152
78370
76175
79893
79589
79503
75382
72833
74841
78531
73568
73278
79230
77839
70379
72123
74674
75222
74297
78221
79277
70991
72195
79648
75444
74605
71730
73301
70113
70437
70831
77693
78089
76009
78302
75244
73140
77632
79674
74567
70498
77756
72801
70323
78739
75538
78453
78045
78605
77143
72136
74002
71287
75124
74758
75675
78927
76834
71359
76668
75637
70323
79137
71028
78228
72366
78229
75814
71998
77404
71330
77526
78451
78013
71117
77522
78593
77251
77662
73912
77597
70721
71534
72585
74048
71515
72153
77996
79718
74348
75071
75143
73898
76122
76364
77758
79664
78937
77044
74158
78133
78117
75536
71420
70786
72240
71630
70604
79205
74304
71046
70582
76223
73230
75782
75706
72397
72679
71729
73029
76959
79820
71718
78083
72979
70123
79103
74306
72304
75517
74267
70160
77061
72323
74035
79668
70971
72243
71860
76680
75553
74420
74883
70498
73401
79041
72464
70680
73155
73335
79662
71806
78521
78899
78237
74785
76783
75271
77267
79899
70566
78416
75201
78160
70349
74349
75290
71834
74168
77536
76719
71981
75308
70871
74481
70745
78345
79079
72066
78775
78888
70178
72372
73654
72568
70297
73880
73480
74411
75579
71131
70870
70572
71166
70786
76569
70628
71327
77156
78556
70066
76674
73983
72107
79475
74131
72468
78605
79011
72790
79074
76076
74169
74156
70438
72381
71638
78375
76943
72821
72052
79017
70876
77465
79849
77741
79955
79987
79101
76716
72040
78980
78191
71098
72272
74769
75523
76021
79587
79618
73045
72600
75578
76854
74336
75246
75014
74953
79207
78234
73993
75887
77365
72922
78627
73153
79524
78263
74485
73827
75555
76330
74573
70687
75741
71466
71534
75033
73021
76365
77981
78132
71230
70882
77378
79440
76750
79727
76746
72677
78769
73301
71599
76668
76365
71892
72994
76430
79023
77220
76349
71428
70868
76859
71769
72132
77897
76496
76015
73064
71776
72137
76988
70367
73433
79416
72589
74589
74559
79960
77187
74883
75403
75417
70556
79065
72807
78189
76114
75126
73265
74175
77575
73680
72021
76900
75698
77568
70652
74299
79743
74372
72461
79113
71430
79964
77053
71354
72737
76354
72953
76659
72712
75109
79847
77427
72619
78382
70069
74640
73195
73210
72365
76983
72593
71138
79605
70478
78647
74482
76134
76224
74505
72554
79759
76019
72406
76050
77966
75681
76370
75449
77928
73667
70938
79775
75069
78263
79727
75321
75542
70034
74549
70102
73826
77500
73094
78646
77834
73075
70788
73527
70422
73187
70326
74539
77988
71184
70582
73786
73977
74177
75160
75125
77544
75234
79635
79371
75343
70539
75735
72474
77509
77028
70142
72473
77237
79799
75379
72452
77053
70153
70346
70951
73874
74516
78446
78332
79242
71691
71982
77431
70762
70885
72502
79533
75684
75789
78145
72138
77817
70630
70640
73320
74534
72542
76629
78557
71473
70881
70217
79828
78749
78177
76260
73531
73948
79286
76803
73258
74026
75024
76278
75895
70318
74069
74625
74598
78314
72220
71299
70246
76587
71270
77311
73717
77343
70661
76899
74952
74392
73888
75195
71193
73058
78148
73354
76001
70521
70157
78003
72707
74385
73220
77584
70794
71910
70676
74189
71384
72244
78643
75830
78479
79271
76630
70716
75897
73214
78039
72111
75934
75028
73817
79572
74726
78779
71620
70000
70990
73717
79712
79808
79378
79548
79521
77743
77011
75518
73305
76391
71966
76387
73683
79289
75416
76076
79915
79653
74961
72855
71793
76241
75257
78292
75730
71635
73489
75878
79232
78284
71448
74224
79297
78109
73021
74052
77522
72121
75751
77783
79664
77569
77800
75518
70246
71466
77112
71377
73443
70974
77871
79795
79908
73119
70463
72170
75473
78548
75047
70504
71726
76675
75580
76120
70352
72405
70683
78385
72824
77897
70094
70460
74536
76305
70588
76536
77798
78299
73278
77786
71241
76321
74945
72265
74137
75970
79689
77418
72882
78712
73585
72495
73482
75188
74276
72192
78260
73783
79454
72119
77181
74855
73057
71354
74239
77028
75651
77221
77134
78296
75968
72721
74128
71346
73854
77583
75400
79457
70970
79758
77499
76611
74525
75389
78536
73050
71045
71760
78674
75394
71708
79542
75153
78672
78150
77781
73593
76119
77795
77495
77662
71447
70754
77485
77303
77446
76111
79041
71684
74222
74051
74580
76786
70173
71652
78934
79106
78870
74446
71001
76362
75437
72846
77794
73256
76714
72426
72504
75380
70512
79685
73184
77171
70642
70413
78834
70435
75987
76069
75288
78445
73925
74688
74136
76836
70616
76725
74095
76622
73298
73017
75769
76541
72631
71546
77503
71610
76321
72049
72186
72307
78802
72709
72272
74109
75586
71105
73049
70251
75037
72414
72216
71509
74787
71460
77236
75586
74807
71602
70568
75246
74197
72712
76916
78718
74196
72500
75921
78095
75603
70338
78336
71469
74842
70348
73668
72361
79217
71057
72510
75621
78589
72159
77342
72468
77629
75073
71449
78531
70116
72859
76787
77902
74309
76826
78117
73025
76333
71665
72554
74994
76729
78334
70756
71315
73852
74049
78459
78519
76620
71743
74768
75149
78297
77137
76696
76586
72415
70164
77798
76937
71763
78904
72434
74797
71416
78432
76192
79058
77202
74002
77300
78150
71719
77853
73488
71105
71020
71589
73675
71662
76442
71566
74117
77259
77695
72998
74205
73196
75292
79613
77957
78551
72680
79601
73451
74450
71010
75310
73926
77216
72398
73721
71085
78612
70732
77038
73263
72878
72607
77949
78545
75631
74811
72043
75665
72782
78934
70701
73575
78601
78132
71347
73949
70819
75858
78387
79547
77215
71459
77380
75395
72538
72933
77028
78995
76787
72861
78425
70446
75912
79549
78678
73261
73801
71751
76479
71909
70049
72007
70508
72681
71476
70571
77645
70342
76593
79203
76894
74209
71309
71670
76633
73785
71039
75712
77366
75912
79091
79423
79490
72485
73690
73561
75767
70233
76360
70097
71157
71804
72472
76476
78480
70446
70765
74551
76948
78951
72349
72889
72064
77210
71334
71261
79561
71713
78553
76512
73160
74648
77099
79746
75713
79856
73359
75742
76015
77852
70081
76911
79014
72339
78637
75703
75468
76230
76085
71363
78163
76027
78898
79215
75769
79622
79304
73219
72092
74056
72063
75463
78064
76582
79194
79466
76132
74514
77694
77674
71899
76747
70602
77400
75825
72605
74889
73579
78610
71713
70625
71186
77471
71962
74596
74952
76934
71325
78174
79072
77019
73265
73549
75023
73699
74791
74719
71315
71397
70835
79563
75032
74944
78548
77196
71330
78884
70371
70422
73748
75326
75281
76543
75126
77633
73483
71063
76201
76152
71014
77856
76554
73934
77193
76315
70456
74903
79689
70628
78412
74331
79070
78889
73683
71592
77145
70052
71942
78187
71155
74863
71342
79808
78908
72875
79762
79796
78348
71389
75747
72804
78711
73756
79768
71655
79415
73836
72816
77473
77159
70632
70054
72984
71286
72110
78291
71568
72446
70046
77370
70111
79794
78368
77205
72016
77543
75925
74183
77803
72546
70854
72908
74679
70775
77791
71857
73163
72052
71092
74421
78408
79188
76858
70007
76191
79816
74147
73419
78755
76637
71016
74554
73599
74521
74199
74622
79176
70996
72174
79530
74995
79991
70133
75893
70092
77411
71917
70165
73033
71089
78402
76831
78654
77002
73988
77299
71627
78207
72863
77135
74556
72943
74544
75661
78837
73532
73821
78549
79766
78319
73674
71039
73520
74725
71016
76656
72507
72679
74155
73905
77360
74202
77772
71329
78350
76702
75921
79508
76365
74667
76026
77115
73771
76889
77222
76993
78440
74063
74485
77341
70020
74695
75953
72579
76140
75608
74619
78244
77649
77007
77115
74327
76199
71079
71722
71899
74569
77397
74913
78554
79932
78010
70774
79243
72960
70057
70435
70412
71133
73959
79318
76980
72912
70819
78412
73695
70538
73520
72092
74656
73130
72196
79024
77382
78489
76241
74631
70704
71564
71841
73237
78991
79867
76106
75577
78721
71314
76345
72632
77250
77930
75746
79910
77803
79659
74784
77229
79147
76122
71057
77838
73196
70563
78933
77249
78887
79489
74365
76572
76062
73512
79564
77324
78798
79776
76826
74700
73665
74025
70732
74104
74726
70818
73208
71401
73734
73710
76467
70756
70955
73334
74728
75226
79321
70187
76801
74323
72193
70711
78105
79651
72932
79757
72511
74422
72670
79888
71491
75164
71216
78155
70531
74257
74865
73938
70453
70072
74006
77241
74415
77420
72935
75456
79654
74796
74002
77978
76786
76469
78351
72346
78418
76844
75884
72556
73173
71740
77805
70114
70821
76211
76137
71004
79154
71389
75909
77266
73489
73429
77397
70150
75224
76126
77744
72916
76763
74983
73574
75277
76291
74629
78777
78200
77382
73335
74581
77322
75225
78101
72203
75603
73376
71269
71921
70980
72371
74966
76239
72798
74296
72794
78952
71551
75430
79154
76419
70098
72486
75321
72087
70903
76640
77986
70417
73126
73521
70355
71759
75369
76660
78094
75448
74797
76509
72409
74393
70967
77066
70395
70785
73224
77397
78390
79216
73768
75890
77562
70418
74642
70960
72160
76166
75773
73094
79990
73416
72951
79626
71518
73704
79153
75421
78719
72009
79988
79813
77312
77811
74197
72502
76301
79947
73119
78931
76933
75960
78828
78668
79084
76162
79257
78718
76879
72357
70024
77357
76887
71281
76915
73076
71660
73231
70021
77539
78546
77019
70379
71064
78733
73475
72617
74076
74305
71007
72617
78225
71715
78412
77456
76422
78533
72076
76025
71894
76597
76985
72630
72585
78738
73550
72595
78665
78179
75160
78452
77767
79355
74578
77632
74674
76458
70826
77757
79582
71292
72049
73599
71868
75195
73982
70572
74283
70699
78129
73208
75913
77386
78510
73520
70900
72950
70956
73343
73918
74868
74300
76802
72715
70297
78536
73934
72633
71775
71051
74101
77971
74194
78371
78369
70279
74087
77495
73279
74245
75751
77875
74553
77692
79988
72372
78201
73395
70296
73093
78211
76919
78257
75922
74547
76481
74534
75786
72546
77959
74430
73186
74955
70606
77262
71404
70838
76785
76947
72913
71362
72050
77137
72994
71101
70337
78021
78354
74873
72646
73449
78581
74390
76629
76450
78740
76029
78794
78398
72057
70866
70645
72094
72721
70820
75030
71842
70127
70207
79188
74260
77570
70282
76567
71984
70337
75494
70341
78698
70429
74049
77723
77997
77736
72138
75710
70460
70389
70700
75638
73038
70204
75979
76107
72324
72702
70255
71216
78648
74982
77147
73840
71029
78900
76667
71684
73998
71460
78779
77278
76037
79116
70678
71698
75975
77733
72208
75848
78053
75405
75865
72398
78568
70996
72722
76129
77027
77335
73248
70336
72541
74293
72481
72216
71863
73659
72309
70688
78866
74670
79715
76005
76573
76334
78759
71655
71890
70271
75787
75573
70079
75701
71924
79485
70722
76413
74231
72312
79420
78090
77090
76015
79805
73177
78366
79984
78566
79661
70656
73150
72155
79564
76585
71355
77573
72754
78463
71199
71243
71742
76923
70585
79314
73547
70124
70478
70000
75431
75005
72023
73499
72302
74738
78091
77917
74966
71972
78578
70222
70003
75810
74312
79713
74072
71492
75336
77750
77655
75750
75468
71558
75894
77457
76571
71799
77050
72792
72753
73323
72316
76461
76836
75996
74280
75686
78879
77828
75118
71670
79272
75783
79795
74014
76972
70568
73996
77178
76829
70471
71273
74493
78641
75905
79001
74456
74534
70672
78127
76090
70623
78179
77417
74987
73486
70842
78905
79336
71925
78734
77635
75706
79750
79162
75384
77655
75865
72333
75050
76321
73786
79476
79659
71089
73948
78928
77523
70142
78607
72513
72993
75251
70970
79275
70451
72504
77315
76136
77735
70866
73269
75355
73982
73388
73179
76815
76091
71751
74551
79098
77406
73346
77922
77084
72031
71588
76181
75367
78279
74330
76383
76178
75128
72327
71378
77689
76302
79520
78215
73600
77610
79597
75207
77709
74496
78766
79781
77831
78431
72949
74800
71840
72728
78732
71919
74913
70628
71302
76702
71085
71109
79349
71734
74136
70764
76433
70772
72519
73303
70683
79080
70548
71755
79866
72546
73387
72308
76812
70907
76519
72847
71017
78475
71315
73721
75816
79120
77088
73060
76933
70952
76595
74037
77485
70131
76311
76862
76490
72549
75033
74035
72847
76751
74346
73382
74393
71365
72329
79758
72105
75607
77501
72935
72841
71917
73465
76162
70101
75727
75956
77168
71187
78466
73081
70946
70905
76470
76414
71589
76469
70217
75319
78614
75619
75463
79375
71796
70150
70279
74097
77309
70009
79703
73290
77176
78915
72831
77314
73453
71065
75496
70299
78371
79894
75377
70930
71735
74092
75395
70787
77294
73139
75523
71437
70482
74421
72796
76494
70996
76729
74192
77656
74964
70357
77362
74389
73162
72339
79670
75370
73652
76464
76937
76044
79524
71627
79426
70752
74990
78776
74113
79737
75992
76304
79097
71070
74701
76045
78115
75005
70781
77216
70562
73642
76183
73634
75167
71870
74324
70310
73519
76526
79018
79140
73012
79481
73270
79823
77477
76905
73147
71362
77726
71376
77341
71553
73577
75670
78738
76709
73524
77111
70351
71553
78158
79145
74297
79654
78692
72466
79164
78120
72481
71459
78053
76328
73329
72970
76893
77402
75521
73526
70163
72871
77046
77956
79117
75502
79251
77114
75763
72618
77311
74885
74411
72414
78323
74977
71426
78745
71570
76161
72978
75645
78562
70532
70042
71462
78840
73161
79671
73881
71189
73051
71675
71361
78922
74710
70196
73539
72189
76851
70436
73013
79895
79728
71778
73570
78729
75454
79894
75431
77068
76271
72091
76345
77054
74192
72091
78483
79043
71698
72733
75001
78762
77241
77673
76864
79058
71189
76031
70067
74877
77553
77198
75734
72272
74335
76479
70758
79640
70667
76146
74612
72159
72039
70581
78753
78422
75874
78674
78643
71671
78441
71408
74840
76677
70711
77660
78819
77338
75098
76633
71248
79354
77265
71064
75273
76965
77156
71359
75052
72672
71258
77162
70247
74095
73720
79509
70472
72687
77397
73670
79816
74897
77171
70081
70436
77542
76951
78322
76000
75649
78637
77044
70249
72843
76057
70912
73336
71469
79359
74181
78734
72051
75699
79374
76532
79476
70167
78645
74668
76310
76868
74905
78298
72026
73810
79545
78903
70642
76856
73692
78949
78200
77338
70323
74985
75893
75173
75275
71890
74200
74294
76234
73656
78372
70061
70084
71589
75828
78923
70703
79065
71580
79081
71192
73122
78696
77127
76858
77053
76949
79745
77819
74908
74348
71399
73017
78362
73004
78681
70633
78730
72941
79456
73431
72118
74864
70296
71377
73640
75668
78805
78062
77438
78498
78417
71873
72857
72572
71957
77692
73513
76635
76893
79929
75252
73917
79528
73145
71023
75769
77626
72201
75529
75789
70947
79916
70231
76144
77007
76539
79692
73084
74995
71999
73609
79157
74245
78861
74919
75546
74910
71190
73345
79079
77554
72096
75418
75023
75278
70675
76590
78507
76677
77224
78397
74604
70438
74170
73787
79478
72727
78971
76721
72799
76624
74416
77938
74634
78822
71180
77376
78431
72584
77316
75166
75375
77483
79403
77337
74394
75883
70500
79413
76397
73278
70764
70938
70954
74633
77606
76631
78543
71694
73608
75348
71752
76865
72069
76321
74369
77695
72004
73257
78163
72281
76714
70766
73346
79967
72615
74368
70194
73600
77922
74807
76113
79303
73994
79805
74566
77234
75681
71528
79686
72123
70832
76025
73164
75517
73297
71682
78053
72598
78201
77353
77495
75216
73054
77226
75053
79346
73336
78727
77344
79542
76623
71801
78958
75198
74989
72758
74268
73399
71497
73532
70681
70987
72890
77716
73111
74095
77249
77967
70012
76855
72375
75533
77194
72234
77893
71540
76800
77041
71685
71419
75345
70021
79151
78382
76500
76639
72013
79219
71439
76710
71903
75856
71993
71286
72810
79078
79598
73416
75614
76638
76090
73280
77401
76539
70738
72018
78023
77732
71650
70080
76452
74673
78601
75382
79893
79237
78709
73679
79316
73334
75959
78632
76098
78239
70534
71829
75815
72141
74134
73687
76848
75667
73036
74578
73474
76303
71518
71805
75328
76476
74432
72118
77772
76869
79239
71344
70557
75999
74584
72399
75421
79520
74650
70478
76739
77821
75926
79504
73240
78493
75795
77097
72905
71034
70389
76244
77644
74747
72528
70601
79137
77216
79250
76970
72287
79971
72433
72834
78149
79988
75298
79058
73915
70531
72230
77872
73538
72503
79259
74055
78952
77959
77808
72899
78463
70714
74862
71962
75858
75094
78568
74888
71073
72783
79493
74631
70812
79462
74226
70329
75452
77462
79825
76743
76743
78010
74755
77710
79371
76825
74350
75360
78258
79785
76614
75001
72653
71179
77224
71511
77505
75671
70938
76843
72415
76514
70348
79803
78505
76770
71852
78691
74002
77352
73078
74522
79996
75545
75570
77626
78880
70330
71504
73203
79328
76317
73445
72054
73288
76384
71690
71159
72452
74217
74639
75044
73943
71874
73804
72922
77526
74203
76559
78507
79572
71513
76543
79089
72202
74228
73752
77949
79574
78433
73775
79551
77108
79183
78395
70039
73593
79268
77802
76567
70587
74693
78064
77692
78298
74575
76166
73679
72210
72383
78929
79924
70145
77466
71414
78921
75120
70713
75062
76176
75437
75795
75723
73328
79737
77978
76992
77356
71432
75746
74814
78189
73862
76581
75201
78316
74830
77190
78066
77050
76729
70171
76705
78990
76396
73643
74228
70925
77029
77766
75390
73923
73026
72185
74674
77692
77460
71442
79270
72409
71033
71201
78580
79170
70829
76698
70329
73988
76956
76279
76966
71821
75257
77105
75106
76491
74669
77127
75000
79586
78518
77330
76701
76396
70080
70855
74484
79812
74050
71141
71343
73700
77224
79480
70935
75751
73687
73499
75213
76039
72013
72003
72177
71609
74642
78328
79658
79287
72454
73903
77857
78623
70778
76074
75486
74354
76621
79406
71792
73138
70717
77654
79476
72409
72157
74389
71580
70165
77819
73886
78803
73268
73607
70246
72360
78393
79564
72022
71509
74153
76370
71596
74171
75135
76394
73457
73704
78565
78556
73161
74787
72181
72532
79247
76657
77487
74535
73686
72469
76039
73834
72511
79433
77656
76472
77233
75543
78535
70209
79336
75254
74114
72640
74718
78200
76252
72636
72278
72235
76776
73783
71026
74460
79787
77334
73062
71669
73244
71344
75573
74695
76296
72109
73586
79513
72581
73822
76650
71624
71308
72427
76824
79257
77284
70069
72414
75214
78288
77247
71738
76823
73173
70793
73870
78372
76912
77153
78795
70664
79434
72080
77695
77868
73551
79828
75187
72732
73528
77203
79260
77388
79921
70406
71368
78476
78205
75527
78701
72138
78388
76738
72992
76524
70344
79776
75385
76907
74899
72124
74876
71233
73846
75478
78630
72007
73018
70526
76065
73753
71303
78846
75028
74010
75044
71830
77617
79781
71684
71920
75216
70681
78681
77177
77209
74656
73742
76221
75459
72035
70251
76900
77154
78981
77388
78739
71886
71922
77904
76125
74945
70409
77746
76524
77735
77070
70832
75554
77916
79777
79130
78676
76460
72974
72929
77479
76127
72243
78648
77020
76047
78571
71907
79575
70078
76597
71680
79261
72392
74098
77312
71483
72343
78402
73945
70903
72099
79059
73452
71760
74737
75129
77394
74721
77541
79703
75678
75200
75111
73962
79633
79076
79535
77936
71019
73090
70376
75426
79137
78866
75495
76081
76643
71426
74862
78498
70947
75395
73395
74392
72111
74631
75612
75382
70103
73953
74418
70744
73906
74825
78708
76596
72523
70399
79616
74416
73227
79160
73240
79543
75560
70527
78452
78362
70494
70295
72006
76228
72970
78512
79572
76913
72574
77515
70562
78284
71503
73230
76646
78300
71179
78560
78705
79973
78859
73719
74651
73918
73432
74681
71005
72325
75224
77600
74428
78761
78059
73985
75484
74084
73121
78723
75873
79912
73197
70588
72032
77609
72794
72837
72619
72531
74296
79625
74684
70419
72863
72578
73545
75239
73075
70652
74335
75522
78463
75550
78983
79316
71029
74488
71017
76212
71602
71800
71957
78628
73449
71024
77322
73476
70967
79476
77316
79694
72441
78041
77080
76703
70899
79946
74113
73814
79908
73586
75896
70831
71760
76181
79074
75660
73995
76930
72644
75615
76428
70680
71512
75261
74938
75657
73516
75176
70145
71735
72544
72775
78834
78927
72739
78486
73437
79313
73951
77986
70275
79433
76549
73965
70336
74362
74545
78915
77344
79114
79529
73849
76639
77813
74382
76485
74933
76152
74916
76491
75418
78072
79681
74625
74881
73283
72972
77266
79512
78300
73801
77760
73882
79987
74022
71230
73234
77260
72120
70070
72663
73565
75269
73216
78010
70016
71178
73451
72397
76665
72974
73517
79180
77292
74922
73592
76825
71288
74110
79827
73693
74762
73424
76065
71075
71810
74096
78593
70913
76062
71901
76866
70639
72063
79698
71467
71268
75828
70403
74305
76505
74016
78721
74987
79974
71526
77024
71659
74896
78088
70568
74185
75544
75386
79971
72511
72615
77643
74286
73259
75329
70212
76358
73186
71457
72691
73196
78997
72802
75365
78069
79190
77673
70347
77703
75092
73819
71709
77545
75077
74961
72087
70394
78036
71582
76802
78845
79654
71956
70326
70025
77737
72527
74130
71827
70934
77703
79373
73494
78541
77876
72669
79816
77760
71083
78297
77406
78805
78057
75557
73596
77501
72673
75739
73328
79704
79746
79180
77077
71750
70013
79208
73340
76417
77730
76450
72501
74425
79762
73914
74983
77371
76344
70566
75533
79191
72707
78660
77196
79701
77688
78048
73078
75624
70126
78837
71361
71587
76358
72337
79191
76019
72448
79070
74039
74641
72922
71739
76927
77262
73721
70546
70516
71998
70861
78015
76473
74686
77835
70555
70744
70281
74204
74401
72429
77312
74999
74307
71789
76104
75584
74342
75577
76403
79435
71538
73391
70275
76940
74734
76997
71732
71768
72961
75721
75363
77596
79968
74876
72490
72098
74091
70959
74795
76934
75552
76870
72237
72214
76497
72770
74145
71400
72615
73356
79824
77941
78996
70304
77782
78063
77066
79444
70679
75092
73859
75802
76538
79446
79716
76088
75394
74993
75535
77423
74560
76875
76133
73146
75016
78078
71968
71383
76013
72053
77533
79750
74949
76503
71008
70014
74792
79093
76488
79837
71897
79284
76986
74849
72923
71748
73748
73177
70753
75913
74975
76319
75790
73036
74951
74771
70840
76940
72787
74180
74877
77022
78534
77956
73443
72498
73229
75261
71178
74953
78607
79073
75012
72238
71676
77643
74942
70492
79102
74056
72985
72665
76488
72864
79909
71272
77969
79774
73615
70339
72315
70247
72716
76486
72721
75506
73734
71921
78823
79970
70625
72764
71110
72373
70866
74549
79890
73964
73240
73035
73220
71099
78592
72502
70804
76240
76379
75621
73779
70942
76591
78653
73499
76759
78767
73282
75962
75146
77272
71664
72379
75439
74703
74442
70490
70773
73403
72417
75761
75395
78382
71310
76300
73262
73660
75645
70475
77026
78024
72145
71586
78561
75501
75252
79665
77037
70473
77372
76499
78197
77285
74284
76328
79013
79441
71781
71282
75124
74053
73044
77630
74633
73051
77546
76150
70702
73877
71310
77539
77131
78846
75269
71684
75666
74194
73147
77807
71102
76929
72800
71045
70431
70044
75286
79856
75270
74398
74042
77784
72580
78617
72537
72592
77292
76741
72473
75542
71894
77035
76230
73686
72223
74352
76612
78433
75781
72770
74139
74379
78738
74829
77163
73394
70434
78618
72890
70325
79703
74234
78041
78289
75595
76652
76307
73532
76210
72959
76040
72066
73255
78047
75686
72925
76664
74374
76334
75742
73165
78214
70474
73584
75041
76915
73566
75519
70480
79139
70316
77182
74899
72784
70738
71814
73417
73356
71968
78670
78256
78919
70627
70481
71257
76451
77028
76750
70937
78394
76965
75041
75553
77532
78987
78170
78481
72924
75090
71181
79896
79556
70553
78382
79222
79632
74320
77326
76084
73951
74741
73600
73641
77741
76757
77572
77051
76424
75702
71803
71583
73363
79750
75767
79406
73385
77758
72713
71455
73033
71753
72026
70935
70900
73634
79300
77995
79176
73798
75473
70913
70572
75352
75834
77715
73148
71309
79501
73583
79288
73775
70046
73628
74024
73484
78338
77650
72225
75259
79417
73349
73810
79974
76195
77143
71038
76415
74148
77182
72212
77086
72811
71500
71645
70433
71837
75284
76662
78231
71662
75216
78525
70960
71421
75518
75738
75849
79630
79920
74928
72007
76398
76088
76657
74534
79422
74228
70940
74850
79890
79568
79993
77594
78534
79209
73779
75420
76574
77410
77303
71754
71032
79846
77279
78143
79019
76548
79800
77253
70960
75311
79929
74709
78477
72197
78760
73040
78643
73429
73431
78762
72662
73442
70813
79311
73701
77170
76146
79959
75548
70718
73786
72101
71029
73523
78373
73406
76746
76795
71266
77168
78561
77612
78858
72922
70475
75357
76537
72889
78095
77388
74458
79124
76681
73778
79071
74402
72965
76771
77367
75801
79342
79208
79217
73707
78860
77571
76816
70555
79490
79552
79273
72967
76564
73057
74674
78193
72998
73459
71583
70728
77920
78515
76846
77831
75669
75917
76848
73285
78802
76655
74897
77203
70659
78555
78293
75925
75380
78206
74813
70143
75782
76253
79863
71264
72471
70569
72300
75716
70731
74164
79117
74420
75271
79861
76554
79976
76763
71748
77977
77227
78238
74208
76911
73833
73865
72920
76993
76242
77440
78653
79273
72998
72968
73913
71303
71750
75141
74502
71757
78480
73230
72960
78933
77505
77914
78482
71445
78626
76933
78391
74616
73426
72079
79562
76685
76166
77027
74254
74785
75992
72746
73770
71822
76245
74873
75052
71911
73530
75261
79883
73800
73920
78211
73714
78843
76163
70333
71314
72536
72097
71898
79378
76320
72606
76641
72079
79486
73384
76457
74106
79314
78568
77210
77162
71309
71834
71965
70133
70373
73964
78329
70161
78051
73068
77340
71735
70627
78679
72328
73539
77762
73731
77544
78332
71615
79096
77975
79354
71953
73779
73751
77931
73605
70135
74801
70805
78821
77566
74024
72488
78570
70001
70132
77451
73638
72201
74530
79323
78478
77402
70128
79455
78235
74166
73836
75155
72066
73426
78597
78706
73981
77652
75332
71893
75757
72843
79902
77160
75186
70614
75306
75755
76897
72021
74724
75272
72323
76994
76723
73833
79952
73211
79985
75844
77005
76119
71237
74702
78854
77410
76718
71168
73111
72715
74489
72176
71144
70542
72164
73798
70988
73554
72211
73805
72088
70171
74903
73797
74142
79170
77189
78228
79413
72478
74284
77841
70318
71655
79623
77969
71845
71735
77969
77989
71408
71989
75919
76786
77108
76990
73856
70512
79077
72887
73444
73177
77536
73200
75192
77597
75538
75648
71313
74137
73980
76528
70143
77306
71377
71968
79701
75770
71166
76050
79634
79622
74851
74205
72766
79861
70158
76572
79722
78944
79574
70066
72690
78007
76115
79802
77316
75882
79997
70197
74886
77409
71978
73606
70519
73691
76600
79651
76919
74922
71271
71553
77375
77219
75215
76706
76168
78477
75669
77505
79331
74699
77385
75019
73770
77462
75507
72452
78183
75245
71180
77583
74899
76172
73881
73335
77809
77407
74384
73474
77891
76924
77520
76079
74462
76628
74458
70845
77289
71955
70077
77561
71934
71964
72209
72177
78315
75671
76017
73742
70358
74912
78561
70223
72829
71389
75761
73683
79956
75699
76358
75659
79305
79142
75248
71687
73503
74885
71603
79888
71869
73665
75576
72272
73817
70630
71049
78998
75927
