84155
80900
85221
85045
84479
85559
87331
80435
89917
85235
80426
89049
81010
81150
81657
89344
88487
81336
84750
80667
89209
82124
89413
87259
85335
87318
85644
88151
85910
83219
86993
86847
86759
89184
88732
87565
84158
80175
86573
88046
80058
89912
89106
82433
81850
80640
82422
81599
87598
88286
88541
82420
88494
89832
80208
81963
83860
83108
83373
87350
80456
87859
85252
87121
87088
80988
80250
85333
87526
88125
88212
85353
89622
88343
89499
86303
86169
88727
89184
81488
83523
80792
88322
84747
87306
81258
83678
87681
80601
85601
88556
87922
88982
83939
86467
86266
88433
85348
86221
88339
86763
88477
81766
84700
86479
83462
82577
81818
87224
82581
80729
85167
88905
84812
88931
84887
82377
82539
89738
83850
83202
87001
89905
87822
85380
82772
85460
87435
86203
80539
82397
82123
80398
81782
85150
86876
81616
88541
89968
83695
81948
86410
83171
80954
85657
89142
84871
85553
81596
88801
87217
84682
89886
86257
82457
86310
82341
83022
80207
80086
82861
86893
85178
83258
83555
80714
86332
89403
84699
85632
85922
81320
81819
87713
82229
83237
81147
89484
82896
81669
85506
86046
86759
88709
86270
88761
80789
86297
83472
88216
85363
85144
85353
82129
85446
87325
80696
83199
87481
87330
82122
86515
81774
82347
86229
86047
88002
88894
86881
85025
87101
89595
81298
85535
86222
80819
84668
88544
84732
89205
87918
86754
88289
82668
85039
89167
84906
89392
80863
88054
81620
86524
87569
86146
82903
88803
88354
84279
82245
86209
89680
87503
86510
88852
89304
80676
88578
86803
85896
82974
87582
82317
87478
84413
87577
82019
80124
86455
84920
86994
85426
83121
81772
89457
85068
88606
88199
85691
83524
82354
88142
86286
85369
82782
85160
86358
81992
86402
82317
80392
83585
89956
86813
88634
86229
89366
84074
84527
80594
80793
87850
85612
88325
85900
82613
83504
84549
85545
82024
82096
80089
83546
82583
86969
84951
84923
84696
83149
85459
81063
84340
82798
80978
87622
87292
89222
82639
89683
84409
88651
85643
82649
80893
86647
88814
86686
84625
81727
89900
87132
88677
84783
82790
83225
80942
89253
83293
82761
89450
83614
83426
80808
85369
84758
80246
86538
86988
88075
84190
83347
87016
87652
83605
83987
82417
87904
86705
84201
80741
86169
89524
85499
89353
84307
88631
80115
84348
86203
80307
88968
84037
87218
83734
86468
87837
81071
84289
84392
85190
89458
84495
80760
80663
89753
84389
88586
80803
86568
80113
83733
85498
83649
89396
80692
81609
83612
85241
80049
89463
84371
84629
81636
83438
82734
87334
82943
86298
87642
81045
83198
83213
87769
82922
89755
85475
80812
84407
84864
85781
84683
85700
87765
86690
84043
88617
89117
81326
89137
81752
82235
80755
87708
89807
88341
85591
84972
89783
81086
80322
81024
80295
88991
87620
89889
86705
83105
86458
89480
84009
81200
82266
87128
81419
89116
89513
81087
87475
84485
87172
84416
82160
88015
85276
83984
82975
82719
86474
84002
85242
82089
89896
80453
82971
84021
85925
80035
85572
88531
89531
84874
87412
83755
86699
82100
81759
86570
83220
85658
87999
81264
87566
86188
81199
82118
89939
83702
86039
83537
87699
86891
82963
84364
83324
82396
82962
81457
84815
87114
88855
81217
80040
86737
85131
86797
85883
84091
85485
83017
80268
81571
87015
80619
80136
82994
82709
86431
81286
81515
89358
86267
86596
81925
86287
82934
87630
87589
81422
82578
80855
84577
85118
88812
83796
88110
88914
85518
88323
89363
85890
86082
87971
83868
81704
88869
83690
86283
80506
86247
87773
80141
87927
87156
88803
85338
84141
81310
81457
80578
83573
86474
83706
82774
84271
88947
80590
80494
89171
81364
88061
83932
83529
81261
82650
89608
87658
88424
82672
84016
81747
89034
84536
86780
80054
89801
83351
80546
85026
85884
80465
81759
88017
82241
81838
83803
82189
89240
80226
81515
84906
89850
81015
84042
81475
87559
86282
81161
89439
81241
84128
86769
82807
85691
80676
82029
88548
84218
80255
89867
83515
82807
85235
81922
88538
83681
80739
88868
87834
89808
81042
85096
86151
80887
83818
89146
83050
85621
85651
81996
83631
84764
87167
86337
87639
84305
89025
81299
84394
88417
80599
88758
89248
87378
81667
89288
88410
86495
83632
88131
82872
88278
80935
84116
88894
81601
85154
87385
82082
88370
83999
84974
84400
80379
84927
86837
88650
86416
88427
88731
82940
82471
89129
82538
88421
85926
83882
89055
87206
87985
84683
83065
83791
87293
80891
85579
82511
81657
89599
83563
85640
84139
85175
83137
81551
84353
89036
88312
80068
85775
88515
83610
82578
85093
89332
85617
87787
80196
89623
85434
80101
89250
84721
81307
86523
84523
81005
88283
89702
81082
83954
89629
89280
82306
80288
83001
81081
81286
86573
82832
83808
89601
86979
89285
85921
82705
81035
83228
81145
84235
88150
86192
89680
89878
89444
84015
83564
85179
89010
82980
88918
80587
86088
87656
84793
81433
86855
80346
88241
80061
89534
83103
87848
82345
89350
84581
83489
81011
80483
85652
88337
83774
80647
89696
80247
85154
80136
85716
83588
87015
81301
85048
89293
84386
86273
85316
80446
89892
80451
88508
83088
82282
86794
83565
87091
81946
81268
87716
89892
89068
82934
84947
86740
88116
83122
84448
84627
85744
86878
86664
83571
87846
86459
89650
88081
85524
81021
83860
83725
89011
88862
89169
88545
83233
88570
83999
86738
88594
83263
82720
82506
85860
87740
84178
85262
84518
81800
81132
83478
89906
84263
87691
83407
85552
81281
89409
80578
83693
89426
88600
86581
88699
88734
85648
80953
85314
83381
85626
88158
85988
88028
88347
82660
89372
85944
89145
80834
85077
81034
87151
87093
88174
89605
87563
83029
80590
89299
84567
82563
85559
81997
81880
83177
85586
84721
88692
83133
83997
87517
89719
87254
85094
80193
89492
89314
88156
80358
82611
87407
86114
83696
83668
89709
80567
83657
82831
82029
81003
81810
85651
85225
87583
82000
88563
80125
83656
81140
84768
89942
86270
86995
88697
85333
80410
88604
81111
85243
85411
88158
81031
87444
80061
84082
85152
86313
86278
83819
80185
81774
89930
81402
88646
82595
81343
89292
84004
89236
87383
86120
86853
86324
81582
82028
89734
82479
88720
81094
84629
85718
85549
85970
83778
85916
89841
83315
81411
81948
85875
89853
81310
80027
85617
87975
82652
81478
81354
86663
84529
82763
87365
88248
87726
87873
85293
83982
80861
83415
80358
81762
86865
89686
83272
87455
84877
86792
85760
87237
82142
83523
85998
82099
80234
88067
83924
87269
80056
83886
85396
88670
80417
81144
88458
85725
85757
83887
84621
84844
89572
85879
82965
80747
81441
83454
85140
83403
87229
82038
84884
86820
83962
84115
86555
82181
83189
80307
83340
81890
89197
81966
87330
82978
81372
83245
80412
88014
83201
82925
87091
89182
83922
81490
87751
86504
82703
86870
83647
84313
89341
83109
82931
81056
89960
89778
80420
86226
80958
86413
82484
84836
89529
85437
82423
84197
84511
89107
81006
89991
86986
80863
81475
88610
86136
89115
88251
80577
82133
82005
83790
85488
84553
84944
88648
82366
81729
88850
85631
80576
83732
85924
80125
85519
89293
81515
85173
80218
84832
85190
81679
88595
82007
81451
81250
88749
88710
80743
81590
84879
87267
84332
82144
84619
82770
82457
80703
84495
83910
83757
80086
89995
88462
85369
87683
88292
85675
87352
89624
81054
88201
82114
85672
81977
86914
89371
80536
88688
83014
89851
82240
81462
83111
86410
88434
81873
84687
89537
87065
82913
81236
85325
88742
88391
88714
87890
84245
83478
87479
84962
82198
80174
86825
84907
88657
81154
82405
85792
82548
82954
80396
82274
88279
84797
86058
84067
89603
82483
88519
80536
86893
87720
88069
89581
83309
82023
87021
85358
84071
80888
80291
88654
87007
88346
87234
85745
81871
84155
82017
86427
80544
85966
85789
89574
80151
86545
80302
85078
86393
81834
89229
84268
84915
89040
80442
87062
84451
85213
89738
82992
86605
85855
84141
84966
83684
89969
80759
89202
87757
82675
85415
82088
81268
89005
83808
84908
81929
82838
86754
80350
82406
83053
80259
80498
88319
84925
80601
84623
86482
88564
84393
86480
88986
87751
83676
85093
87700
81918
86506
89987
88093
81224
84187
81748
80900
89673
87358
81399
85069
84049
84460
87600
85688
87092
87753
88943
86131
81754
84046
89740
84561
89669
89543
81599
81056
81019
80821
89822
83188
84874
86842
83193
84628
88777
80129
88091
83505
83856
88737
83006
84676
87071
84516
87542
82790
85324
87292
80759
81108
87137
89072
87320
84393
86325
87129
86329
82869
88695
89945
86961
88266
87168
85368
87040
82218
82924
86043
85572
81976
80191
83238
87888
88258
80088
86483
82562
85350
84621
83119
82540
84116
85308
88808
89007
84423
82245
87322
85478
84705
88435
85531
81272
82857
81115
87399
88121
84462
86523
89023
80976
81486
87021
85255
84279
86990
89858
87304
87906
89159
84951
89865
82810
81016
85033
85760
84988
80535
85272
85887
87799
89574
81037
82337
86904
89012
81855
82944
89139
81831
86846
86248
86468
85431
81867
86883
88856
89472
81480
82722
85358
85735
89460
86785
81020
82051
80006
88852
88300
83251
88093
84028
85607
88229
81471
88067
82321
83736
88689
82182
89162
82310
87235
83271
85157
83878
83383
89024
87605
87990
80675
81191
89420
86398
87064
84478
89036
83731
81752
82967
81634
87424
81448
80747
86902
86679
82404
88533
87737
84305
88917
83442
86359
84529
81246
84815
89147
84517
85826
84992
89191
87274
88558
80297
85999
88836
87531
84122
85139
83215
85024
80986
86647
84437
89848
87692
89984
86190
80219
85321
85045
86090
84177
83681
83245
83398
89306
88056
80097
86102
86013
86612
80831
85757
88917
85671
83585
86183
89077
89200
80518
85196
85706
88333
85764
86903
89783
86518
80577
85803
83550
85961
80251
82881
89280
81464
84428
88240
87858
88423
82276
84400
82786
82827
86659
89339
87984
82406
86932
88592
88446
89726
88262
81288
81215
80011
86488
85859
80438
88732
81443
87341
84300
86591
88404
89707
83552
82441
86854
83432
81014
87881
88121
80643
88976
80801
88597
87642
86716
88974
83242
87299
83504
88980
84856
81911
83396
80149
88203
80463
86905
88054
84505
82917
81169
87119
81029
88160
84670
87324
82545
81531
84704
85730
86291
82467
85864
89521
89722
82773
85564
83641
80846
81205
88322
82728
84174
80672
83928
84035
81483
80194
85897
85267
85464
84945
85680
88896
86058
84216
84998
82369
83851
88916
83329
81887
82226
87367
80146
85904
80140
80583
81752
83381
80384
85944
80768
80960
83974
81255
82220
82666
89901
89548
83957
85570
80920
88652
80703
84876
80260
88558
80428
82353
81188
83919
88910
82685
81206
88639
83394
83394
85348
84426
89053
85297
88489
85453
82593
82110
84892
86799
85815
89783
84328
85235
88177
88431
87988
87085
81482
82288
84177
89398
81716
86052
83284
87463
82734
89159
83900
83830
84021
83073
87111
81418
80063
80532
83966
86048
82017
89789
81937
81790
83287
81414
89749
85875
89405
89944
86421
88620
89158
87795
89549
87799
88322
84220
89925
86192
89514
87839
84431
85685
81740
87261
86824
81199
80976
80688
86477
82996
88822
82014
88481
86443
89646
87914
84562
84198
87962
87680
83226
86976
86798
85165
89253
85498
84743
80066
87197
88109
84031
84042
80927
85592
84531
85618
81386
87192
88861
86740
87719
89585
81933
82933
82760
83582
84232
88507
82390
81740
81852
88042
89786
83719
87916
85436
89729
85227
89358
82237
85231
80711
80286
87659
88581
89533
88103
83749
81567
80362
81436
80455
85110
88697
89514
87057
86861
88035
81122
88327
86385
86039
87479
86114
81477
83277
87502
89582
85915
83538
85759
80289
88447
81622
83153
81453
85206
86528
87855
84310
82878
85476
89343
88306
87964
86882
81548
85987
88223
88507
82025
87960
86034
80335
82854
88020
89785
80447
85546
83677
88675
86121
86594
82675
88298
81729
82530
81842
89290
89584
83339
80608
88940
89863
80926
87885
86181
80928
84931
87643
83626
81974
81686
85481
86467
85763
83312
85777
86932
80405
83063
86564
84737
85630
89902
87214
88515
80816
89983
82195
80557
89143
85228
82704
87353
84675
89502
86826
81421
86934
81054
87991
85685
80564
85786
81001
80265
86056
89725
84645
82989
81217
80619
80020
89118
82004
87951
84077
82849
85701
87906
88622
83020
89025
84770
86022
88063
88643
83143
84216
80792
81885
85898
85275
81849
80940
81338
83703
81764
84738
89213
82983
85497
88848
89356
81420
80057
85287
88580
81261
85318
80867
81161
88265
80539
84881
85759
82444
84235
84342
86943
84512
83026
87717
82616
86740
85890
86191
89595
81384
83861
84821
88357
84601
81587
84671
84518
88907
86452
80957
89028
82570
82948
81599
81237
80089
84878
85137
88994
83922
85622
86946
87801
83956
87164
87900
86623
87868
81902
80208
81444
82498
87325
81007
88914
83616
82597
85476
81475
89054
87784
87739
82283
88091
81020
89619
82896
88172
86261
84442
89242
88577
84428
85492
81692
89494
83738
86500
83184
84097
80788
84576
85309
80697
82600
84379
86027
81804
81195
85984
84252
87033
86554
87934
85912
87176
80813
81221
83324
87498
86428
89615
84701
89302
83687
86635
83444
80190
88450
89756
87503
85060
89263
87956
87551
81870
84111
89602
88942
88453
80992
83853
86549
89277
83211
80239
83399
83916
89848
87903
83782
82246
84192
88091
88965
84869
88121
80911
89011
81142
88356
80154
87309
81305
81340
87969
85368
83683
87075
84621
84215
82717
88669
87187
85269
88653
83589
85069
87990
85125
84632
89506
83757
86581
83499
88872
85483
83527
87520
81499
80253
89899
80548
82995
87943
83528
82331
85582
82198
87625
86803
82855
81430
88469
88590
84550
86546
82121
88832
82382
89021
80814
85902
89845
87610
87950
83978
85970
84526
89112
82604
85473
82208
85374
83331
85471
89949
84301
85336
81993
85614
83543
80509
87898
81409
81657
89921
87473
84266
80904
87830
81996
80764
87171
86371
84846
83729
82863
84003
84358
82648
89646
83393
87572
82868
89264
89912
88235
89161
82297
80240
88015
87730
86689
81615
80711
86928
80153
86256
85461
81096
83151
82149
86416
83762
82040
80969
83179
86177
85196
86249
88414
84648
88442
80078
86449
85453
89966
84576
89472
89289
89025
85205
85960
88099
87256
86561
89327
85926
86112
87728
83510
82005
89107
83463
86153
88664
82899
89589
89397
88847
86970
85746
82871
88033
87708
86392
83440
83190
88987
81369
81477
87008
88053
80666
84026
89111
82421
84109
81041
87220
80820
85631
82109
80295
88776
83487
87550
82568
87338
82332
89563
82104
81654
80437
86262
89983
84648
85473
83819
86587
89870
85281
89721
89548
86739
85825
83181
83899
80887
87148
87110
88718
82052
89543
89756
86121
82088
86406
83101
87857
86040
87250
89394
81945
89945
84236
86868
86812
80070
88239
80558
83204
89599
85926
84425
84776
80458
87645
86545
86734
89922
87004
89951
88131
83923
86939
87964
87522
81565
83808
84273
83533
88256
80589
84888
81642
88067
82584
81167
85933
89485
84253
80588
89936
82524
83723
84635
83792
89332
82343
81278
85927
84901
80246
82839
86187
89242
85313
88772
83940
87487
82117
86833
89061
89785
89535
85462
85897
88557
80503
84778
80317
86714
85097
83558
87782
86772
88583
84792
86010
87458
89384
82966
89233
81348
87992
82102
82343
84366
86799
84753
82251
85557
82521
88664
80704
83455
87458
89589
87490
83561
83157
85912
85459
89987
80234
83096
89124
83164
81082
83802
86750
84637
87978
82500
81746
89477
87714
81817
82999
86553
85286
81528
85286
87068
83408
80090
80359
82097
81656
82929
86430
80619
88906
81315
88840
80554
85386
80566
87502
86632
86151
86614
87323
80602
86072
85467
86302
81228
87548
81014
82207
83816
86042
82772
82861
81571
85294
86700
86900
84025
83596
88965
81605
80961
84862
84719
81892
83781
83395
81331
89886
80136
89250
88287
87623
81744
81843
84031
86378
89817
83098
83364
84891
87276
87827
87725
85298
82036
88258
84668
80011
81019
81665
82138
84934
80294
84947
87789
84456
82756
87597
83511
81457
81076
85058
80566
81209
80347
87694
81320
81497
81769
86743
89384
82554
86017
87520
81201
89453
82524
81870
88576
86525
88796
86407
83482
88015
82099
80450
83568
81749
84395
87689
89242
82877
80211
88646
80950
82898
86309
86748
88306
85122
81462
89446
81131
81492
84435
87230
86099
87241
88348
87625
81736
89264
89993
88272
88759
81277
83413
83084
82423
83826
88042
88100
88438
80070
83076
89166
84269
88851
81377
81843
83199
85060
88171
85057
89397
83509
82099
83921
88413
86659
88742
83876
89013
88375
89648
87857
89092
85631
83130
80539
80499
87543
86575
88858
85050
86490
83896
86027
86754
89161
85870
87021
83322
86361
85603
87123
83414
89128
86098
81528
84740
85315
82024
83260
82146
85169
83171
88653
84103
86618
82784
84544
80660
81018
80009
88960
85825
87903
82000
87580
82608
82940
87911
81532
89500
86721
83943
88192
83040
83304
85896
85579
82291
86452
83267
82637
87571
88455
86828
82286
87544
81061
89844
81418
85936
80597
81598
82242
81564
89662
80744
82300
83081
85908
85156
86316
82948
84379
84393
81622
83466
83638
80689
80309
81400
87474
84461
85516
86745
83387
80721
86263
85434
86216
83505
85133
85477
80313
86439
85748
80886
86476
88919
82464
88040
80481
89019
83008
84649
88519
86212
85883
82408
81088
89253
88287
80536
80968
87178
86990
88963
82790
84261
84217
86694
81420
82978
82864
82991
83853
82578
80597
86487
84693
84672
80337
80042
88358
81403
85424
87245
82170
86259
81373
89808
83185
82302
82526
83808
88233
87744
81165
86688
81009
84150
88650
86281
82245
88279
83051
87700
89020
84611
85355
83896
87070
81920
86851
80908
85610
83930
83562
89415
87608
81034
89713
80027
89743
87340
81111
80981
85306
84898
81093
83366
80238
84859
86176
80822
87144
83526
85954
87781
84691
89787
81903
82737
80053
89268
82786
80793
80266
89666
80091
82769
84253
81218
85561
86545
81072
86014
84310
89981
81484
89962
81204
83753
89363
81608
85268
86751
86607
82723
86705
86315
80289
86614
83803
80491
83549
81423
82456
89757
82404
87351
89346
81223
89074
88713
80920
89158
88692
83968
84201
81907
80352
89507
82239
86733
85300
85839
86499
80940
84805
88056
80875
89737
87736
85961
87175
88752
83201
83109
89883
81842
86736
88128
88825
82891
89484
86185
81937
83674
88548
83196
86784
88538
83307
80516
88677
80647
86830
83204
85287
83840
83744
80683
82519
88778
85923
84661
84057
81989
85165
85487
87488
81640
87697
84773
83180
84466
88745
89105
88217
84113
86717
86896
86606
82349
85584
88055
88672
81108
80938
84032
87143
85108
89917
84021
84740
81920
87670
81616
88282
88806
83388
85067
87265
83367
87033
83417
80712
88106
83866
80288
84626
87399
87628
86825
83874
89012
84781
85435
86479
81328
81653
86319
85408
81748
83450
89545
82746
81333
89190
86400
83840
85700
89377
85127
84466
82434
83887
87785
82366
80819
86005
86937
85600
80566
84767
83150
84081
82413
81886
86878
87392
84936
81382
81197
81504
88744
89755
85070
89400
81332
82050
80360
85753
83323
84479
89627
83782
89524
87392
85916
83226
86345
83367
80181
81947
80444
83899
86801
80120
82160
84800
82685
85171
81307
84752
80917
87673
82191
83681
85549
83285
89319
87637
80224
83442
85238
84657
89626
88026
87155
81754
89393
86505
89548
86605
87118
80160
85867
88772
84328
86907
83589
84364
86903
81975
83377
84945
89330
82225
84937
86164
86360
89254
89230
84117
84202
86595
89185
87760
82197
89312
88763
83839
85074
80044
83291
86724
85354
84218
82364
89336
85251
88494
80279
82883
87487
80795
87970
82537
84859
87280
84711
83375
89099
81490
87485
85901
80589
83538
80834
83307
81846
82737
80266
83267
89321
85303
87828
85477
80048
89898
89356
82455
81917
87696
89060
85153
88968
80382
88618
86836
85983
89013
84762
88373
89872
89062
81434
85606
88871
82101
80050
84753
84422
82568
84140
84994
84724
88857
82686
88266
83448
81575
89858
85116
81851
88205
87519
81986
87622
82683
80884
89718
89214
80395
86991
85256
80080
83982
80303
88520
83324
82992
89648
84272
83540
80914
85991
84403
89334
86389
81051
89545
86936
81536
82671
80147
82608
89211
84017
86234
89131
82771
80185
81969
89572
86444
87589
85807
89720
81760
88644
89563
89123
85663
86658
80026
89493
88916
83626
84889
88389
89184
86650
80718
85567
81780
87082
84426
89131
82518
80192
81317
88751
81274
82112
82120
83570
81963
85167
88651
83166
84463
82279
82751
80941
86678
86080
85947
80668
80427
88628
87953
88545
83123
83139
80539
85109
88330
80062
89596
83601
82170
85972
82245
83980
89310
85255
87782
84689
81785
81397
80899
87466
86270
86751
83157
84056
80587
87149
84008
87464
88188
80424
85781
84600
80179
85986
88016
81588
88036
85962
85278
87792
86563
87084
89147
89722
85919
86525
89492
81353
83520
84140
82302
83133
81530
88267
81377
87952
83289
82089
88998
88705
82517
82862
86340
88728
82411
86858
87807
83325
87882
88708
84782
87925
83068
85067
83293
85952
87992
88972
87044
87416
82797
83087
81902
87432
85315
87150
80489
82422
87906
87375
85800
80561
82487
83280
80960
82204
88454
80501
88123
85478
86797
86503
83322
82018
85148
89775
85622
87886
82703
82115
88326
85132
81010
87889
87179
80174
86483
83781
85520
86176
83149
87496
89165
87958
89608
84078
84427
89632
82517
84131
81127
87084
89953
89022
88728
89745
81981
84392
87766
88641
82443
84756
80667
80639
85557
88794
85704
82009
83229
87052
85407
87939
84188
81209
85988
88499
84009
86793
87566
85678
85879
89312
85835
80602
85583
87108
84658
84785
80572
82941
85577
84406
82249
80308
84663
81935
82591
89782
89290
85211
81143
85307
87458
80058
86023
80303
80083
88875
83118
88669
82333
84293
80878
86348
83518
83947
84276
84970
86312
89679
80382
80293
85148
82108
89738
84615
80523
89357
82261
84199
80639
86975
83768
89795
84319
84604
89352
80859
89457
83787
82847
81731
89399
80445
87406
81161
85600
85038
80792
84883
88647
83179
80438
84675
81346
89575
87536
86275
86906
88562
86455
82892
82496
85204
85658
80615
83432
81976
88937
87006
86088
87357
81272
84356
88243
84346
81909
84680
84058
88838
88365
84381
87084
80106
88957
82684
88829
88202
88212
89461
82255
85999
89045
84843
89297
86804
87930
85161
89004
82005
84480
87184
88198
87048
84811
85343
89733
88181
88874
84725
84325
86891
85512
85956
80726
83702
85464
86795
85577
88121
81709
89246
88638
86895
88633
80305
81323
88469
86324
89073
86463
87557
83984
82902
85033
80076
86914
80492
81222
85337
84825
80392
80689
89367
85335
89257
88071
80483
85411
85366
88917
85864
85274
89420
88085
85730
83791
86437
81343
89979
81758
89682
89427
80636
89629
80000
84130
82328
89236
81669
84128
82131
84822
88935
84193
89601
87333
85785
85220
87592
87296
85157
84045
84528
85892
82819
81428
89215
80812
85437
83773
89986
83388
81959
89161
80988
86138
82407
81101
89780
85322
88382
84027
82038
81448
85155
83036
81135
81705
86091
86596
82653
82284
86331
85055
86443
85217
84143
89635
81771
83944
85178
86321
84307
84160
86959
86547
87205
81645
88400
81903
82409
86793
81854
83241
82420
86307
83281
85473
87259
86160
89473
88153
86128
86323
89969
88461
88339
87002
85279
87649
83509
88146
82342
84139
86713
88868
82772
86539
80328
81067
89365
87615
80612
82019
81592
85920
83755
84019
81357
85216
83050
85219
86174
83088
86163
84764
88079
89227
89010
87032
83123
80730
80706
84321
88057
86474
82226
84715
87969
85133
89950
81972
81058
81715
84121
87308
84462
85640
81365
88710
88127
89333
89918
82026
82078
80060
85949
89484
86103
89288
89479
85557
89904
83286
88786
87070
86029
85816
82901
84363
87548
88826
82821
82946
87363
89852
83418
80583
86260
85479
89645
83013
82419
88651
82640
82652
85910
83894
83570
88499
87932
88577
85667
82221
86004
80218
87796
84927
83177
89552
86123
81493
81383
86578
83951
84468
86550
82126
83654
87567
85785
80617
88791
89553
85027
80653
88908
82904
88930
88803
84361
88087
83408
88551
83557
83495
85282
80751
80388
83110
82770
84113
85400
88862
85169
84279
80210
82270
80041
87856
81062
80463
81412
83413
84028
84951
83103
84881
81363
87628
87131
84092
85759
87407
88342
88216
86862
82609
82895
84779
82294
88763
80059
81627
83646
88860
83873
81706
86440
83216
83662
82865
81874
89135
80161
80999
87340
86309
87033
80835
82143
82519
85939
82380
84655
85617
87019
82651
87188
81982
85621
81695
85305
88699
80416
89066
88979
86563
87677
81994
84048
83663
81407
89248
83738
84791
89273
85370
81696
80211
89829
88376
89920
88427
87405
80304
87252
81493
87208
84037
86702
88155
84680
81737
82752
89644
89962
89903
83010
85296
80428
83590
82117
80337
81700
87650
89631
86163
80280
85963
87783
84214
89009
80621
89441
88162
89908
81739
81413
85550
87674
85178
83298
89224
81061
89820
87483
80985
88709
88253
81634
84681
80585
84723
81008
83695
86148
82042
84280
88192
85579
84755
83228
80843
80985
89349
83570
85803
80349
83507
81522
84658
88185
85529
88263
84768
83336
81876
82341
80008
86189
85531
88320
81204
84666
80361
88461
83801
80808
86994
83074
83204
87501
83845
84335
84083
87944
82898
87829
88502
88849
83591
85828
89164
82024
89721
86441
88284
87990
83692
83142
89647
89592
89600
89903
81262
83193
81680
88202
88692
89943
87454
83480
84599
89888
85541
80304
88378
87238
86568
87439
80792
85946
81848
86306
82511
80999
88587
88903
82116
82238
82248
84155
88727
84401
86420
84874
86726
89144
88022
81042
85244
82279
81021
88962
83026
82163
84954
89967
80120
83264
85518
86861
81396
82292
83222
81008
83355
82948
82684
88110
84889
89352
89554
86082
84706
87524
84201
84174
82995
88897
81360
88487
82547
89774
82719
85395
85067
85898
85078
81014
81645
81850
80170
81837
82528
80852
83455
88917
80186
81757
88324
85578
81440
86479
88988
86532
88924
82933
80050
84481
89552
85676
83260
88834
87773
88865
82275
89980
84420
83896
84386
81719
87728
87144
84106
83929
81705
81599
87304
87298
88447
89862
86095
82049
85247
84964
84137
83003
84340
89793
89126
84004
83023
85503
84346
85782
84539
84241
83897
82662
85579
81753
86910
85172
84578
80990
84471
87565
86051
88713
89249
81555
80151
83263
81888
80150
83366
83176
80128
88360
85783
83103
86286
80772
82733
85640
86259
89528
83784
85092
88540
80046
80017
81937
84835
86008
81329
84822
84873
89574
89104
80276
86709
87583
86003
89033
80421
89566
83857
81825
87473
88811
82691
86825
80236
83426
88761
85539
86125
80377
87136
83874
88692
81812
84866
80359
83583
89631
84035
84043
80781
81231
80124
80472
85756
86621
80019
85327
81267
84701
85719
81788
88405
84391
84360
89525
80185
84511
82497
80291
83513
84842
82776
87569
85642
89629
84100
85441
89405
83947
82168
84911
87428
82799
85898
84284
89324
82608
86642
83892
87379
84847
81321
84429
85711
81934
87683
82501
84991
86265
89700
86569
89900
84248
83815
81443
89261
88577
82216
89696
89463
83591
87605
83926
80213
80563
85046
84689
87923
82032
80364
85078
86111
86848
81333
84424
84077
80557
87399
80423
84816
88910
86056
81078
80636
85837
89158
85307
80271
81057
80414
83792
84424
86654
86130
89711
87595
86382
84829
82357
82856
86287
87846
85347
82749
80266
82159
85080
83922
89634
88832
84465
85270
81447
85229
81502
89401
86369
86873
82275
85027
83210
85284
83131
83543
83914
81422
87399
86500
89720
80458
87848
81926
86526
82533
87281
86535
85050
85867
86159
87736
89278
83142
87942
84067
84942
89424
89952
85176
88228
80063
80025
82788
83833
89981
86916
82256
80564
81553
85520
80219
82191
86894
86308
87654
81015
81777
82094
89189
81698
82620
84201
88918
83318
85060
84441
80175
88317
82439
88910
81699
88024
85235
84560
85493
85793
87911
89729
82260
80438
87979
85379
88805
84602
83163
84669
87986
84984
86456
84641
85938
83926
85612
85344
83117
84778
83141
88460
85462
86648
85225
89680
89431
87696
83166
86465
80038
89944
88910
85596
84112
82743
87038
82949
81981
86491
89154
81343
89514
82983
83089
80930
89041
83833
88495
80649
82064
83853
82504
88541
88850
81946
83941
83334
80018
88119
82274
89670
83050
81547
87930
84566
82305
81285
83940
83250
84534
88170
84934
88424
83180
83735
88461
88126
83812
89566
85311
83920
89915
88393
80074
82904
82967
86457
80510
84158
83255
85202
84488
82707
88164
89178
86214
81780
82865
86200
89263
87236
84215
85262
82547
86378
82495
87488
86737
87066
87150
85488
82927
82028
82086
86876
82332
87582
83292
88446
85676
85602
86547
88496
83616
82470
85797
86152
84983
89043
83435
88179
87950
81178
82146
85749
80327
81248
84252
85872
89085
87269
88559
84841
85964
87730
86593
83889
85553
87058
89810
80493
84563
88723
86874
82296
86215
80476
85422
84432
81615
88898
85862
85201
80797
88552
85713
89507
89702
84346
81733
84247
85793
84440
83675
84917
84229
84997
87887
88107
88555
87395
81160
80281
84729
83138
85253
89244
84959
81625
80346
81052
88330
81197
81287
81755
88453
84421
83970
80349
84498
84452
80428
86564
80888
80487
80296
84719
82646
86830
83197
82771
87940
81877
81287
83890
86721
80465
83699
86434
84508
85459
84985
87027
83366
82173
87733
80576
87909
82321
85541
80566
82750
82512
86246
82710
89256
86027
86899
85129
83689
85588
81362
88665
85840
89138
88591
81583
87139
80277
84693
84014
89879
89921
84639
88773
84665
86014
80191
86870
81497
83645
89016
87971
81007
88834
86228
88368
86263
85395
83674
81575
82315
85806
84170
89597
80158
83802
87580
86103
84182
88541
83139
86289
87314
87616
87765
82021
86054
88932
83209
85040
88382
89528
85855
85433
81137
82785
81758
87368
89869
84155
86044
89194
83391
89518
80202
80375
87318
89612
83014
83460
85715
88575
80829
85326
87650
84571
80759
88232
85926
85740
85980
87920
88554
85232
85785
82925
89638
84991
84279
86542
85253
89111
80690
80503
81630
84080
81161
87288
87503
85070
86565
86224
89817
84486
83409
87059
82184
81494
85222
83518
88420
88920
89930
88499
89326
87031
84706
82060
89438
82032
83502
83074
81926
80814
84081
85560
84020
82495
80717
81083
82402
81568
85958
89313
87845
87124
89837
89889
81049
87532
87743
80051
87108
80197
88805
84151
84327
81596
85084
83137
84209
83637
88124
84357
83357
88574
83495
84633
84758
86229
85839
82444
85456
84025
86628
88288
89986
82526
84349
85789
84077
86535
82172
89985
81168
84611
81260
83364
84992
87878
88858
84677
85166
82386
89036
80347
89086
87971
80546
83364
82679
80539
80640
89971
84599
84022
85866
80143
83313
82863
80920
83908
84174
85812
84394
81869
84076
87091
85946
84968
84564
81495
82837
85467
80383
85906
85038
88411
89348
80859
87211
80437
81189
82292
82707
80656
87501
85435
89474
86594
82346
89889
80230
86674
83181
87393
89606
89563
84777
81524
89099
89864
84581
81615
86600
89099
86588
81566
81055
80689
82189
87882
84351
87744
80699
80289
81945
82864
89317
82571
80911
89870
82105
80889
89123
88398
80253
81788
82093
83655
81377
82329
84626
85253
83874
80342
82899
81016
83482
83675
88842
83939
83085
83481
82741
83048
83550
88087
81911
81814
82928
80802
82944
81008
83668
87123
82573
86376
82720
84247
87502
85377
87315
88530
86695
81360
80059
84600
80557
88044
80536
83182
80205
81897
87063
83404
86593
85152
81454
89319
83655
87549
81685
89700
81802
80639
82228
84775
88144
84496
89460
83517
87615
83020
80053
80328
84821
80672
83533
80519
89869
80443
86301
89869
82710
80127
83320
84715
89583
81566
85415
85520
82056
85425
84654
88672
83822
82284
87648
88400
82955
89338
86768
83108
87631
80851
82252
88171
81456
89655
83968
80316
80503
86440
80218
87051
87894
83376
82342
88307
83374
88668
88171
86447
84660
89081
84360
85096
84603
88139
87519
86875
83144
88777
86724
85047
85935
80529
85454
84330
82076
82992
89303
81687
81900
89276
86917
88775
81985
85425
85519
83907
88642
84377
89118
82900
83018
85923
87031
84952
80653
87371
82717
81837
85828
83091
88063
86139
86378
85021
86269
86967
87766
80307
87241
89684
86173
86742
83033
89511
89105
81447
87273
87589
88604
83310
81745
82049
86525
85100
85342
85962
83542
86908
85457
88642
83566
88560
89543
86728
83047
85017
85049
86712
80313
85393
89240
81104
83511
83223
86504
86357
86993
82858
89668
81782
85041
84459
83566
85251
88754
87983
83659
83221
86552
84729
89855
89802
81325
83573
85816
81959
87547
87846
87075
85731
89790
87942
87010
81373
80076
84240
88384
83730
85208
84668
89535
87784
86824
81348
88549
88374
86302
81143
85785
87331
83824
85654
84978
80939
85941
87228
85797
85532
88772
88895
86238
89300
84647
87776
81507
83931
88405
83487
87145
80566
85851
85339
88088
80764
80938
84702
82051
84621
80117
81831
85201
85040
82015
89638
80407
89229
88079
80437
83529
85965
85181
85521
81218
89880
84296
81568
84424
82115
80310
82376
85487
80020
86772
89137
83044
87279
86009
87615
88247
89851
89347
85954
87813
82373
84443
82560
84286
84351
86702
89533
81559
85355
89573
83468
84168
83683
84200
82081
82189
83548
82276
82077
89643
81655
87285
80983
83245
85281
88330
83213
80064
80400
87668
88558
87193
80268
87739
89514
83889
81933
86028
82366
86801
80635
86366
85788
81895
89751
83461
89885
82458
87017
83368
88055
81187
86150
86380
83812
85772
86625
80386
84822
81609
83407
82128
86799
82326
82711
80997
80601
88666
89498
84999
86914
88910
87337
81368
84247
89542
81522
84907
87596
83105
81866
85623
87119
81337
82489
83437
88419
85569
82083
81877
88633
83106
89631
84486
85432
87855
87372
87425
89220
85806
84916
89236
82383
81146
85849
84052
83251
86768
80909
87683
86598
83725
89873
86957
86956
87768
87660
81439
85819
87556
88849
83246
88868
88321
88778
85043
84778
86821
88737
88496
82856
88294
87347
85510
82809
83748
80174
82338
86258
86433
84866
82335
86273
89618
89639
86562
88174
83911
88856
82682
82098
81258
80552
81704
85448
84500
87319
88985
81212
85909
83742
80597
86376
85463
80688
88699
83165
89801
89195
89859
84690
85775
84463
88400
85731
88291
83475
82808
88845
80767
88169
86992
85767
87912
89765
89755
84155
84796
88817
85223
80135
83195
89915
84179
87817
86055
89524
81254
87963
83605
80427
85746
89357
80096
86460
84493
88036
88448
86779
83642
81543
81207
89787
82436
87614
80096
83014
86220
89302
83205
86746
87724
81458
88385
86002
85411
86677
83774
87572
85160
82357
81544
86285
86893
84366
88941
87376
80896
86937
81487
89929
89489
82888
86786
89692
88535
83059
83844
88290
89766
88897
81992
89815
89356
87576
85566
85105
80325
84706
85349
88629
86400
85746
85455
82836
82744
83543
84782
80064
84643
86095
85489
82663
88652
85585
87041
87858
81974
87008
83265
85054
84927
82310
81629
89786
88219
83847
88440
80319
81471
89200
81081
80020
81920
87881
88499
81066
82557
89343
84195
82780
87114
80813
81719
80966
85215
82965
81304
82949
84823
81205
87663
86754
80634
80437
83220
81805
86490
81575
88080
82865
87065
88786
87909
88546
89086
87463
83529
80633
85189
84270
81547
80759
84115
82263
83614
86451
89438
86028
83009
89512
85239
84087
81156
85826
81235
88369
83438
87213
81755
83482
83165
82724
82638
81720
84961
88927
87654
83252
83957
86134
81365
84793
85175
80286
88474
84213
88283
88252
80664
82981
86493
87680
80688
83136
84795
81213
80026
80555
81955
88879
80852
81691
82727
81772
85192
86673
81611
84755
84227
87666
87127
85856
88455
87759
86068
85265
85120
82260
80495
87397
82714
81281
86307
85365
83653
89733
81182
88367
85273
88471
81373
89016
86202
88204
81398
89416
89844
86022
88040
81938
89220
82888
80181
83044
87751
89312
89049
86297
88678
85556
89177
83704
81789
82176
89023
82957
89848
86513
81592
81763
88736
80783
89655
89502
84656
87880
87151
80728
88980
81647
88286
84648
86326
89468
88430
89657
84242
86310
86456
82247
83557
81035
86409
85159
86872
87746
87537
80522
88933
87216
85590
89908
86701
86017
85058
84709
88824
83911
81543
87080
83905
83212
85807
83768
84474
87424
86223
82627
88887
80234
84322
84322
86531
80143
88914
89802
82628
80443
87882
87497
87723
89042
83150
82850
83496
87719
83567
86820
80918
85804
82463
89277
88991
88967
81532
87839
82293
89853
80315
82620
83393
83615
81063
82636
81833
88069
82056
80114
84800
85133
88525
84889
85903
87506
89275
82188
87524
82128
88819
83650
89091
89861
89373
83196
88332
89031
84424
86508
85077
89024
85736
85297
87490
88939
88651
85288
88743
85469
86332
89899
88117
83636
82184
89971
84242
83787
81116
83583
89787
88336
84543
88974
86269
82150
81055
87915
84889
81185
84531
86474
84249
84991
84162
85070
88706
80072
86301
89933
81672
82697
86368
83671
86689
81769
80129
83483
85305
84587
87591
81766
84906
80957
89488
85345
81496
83992
85850
86354
82145
89165
88543
89940
89318
86692
84783
81366
84640
86169
86653
87852
82753
86533
82410
88536
86907
88884
88986
89322
86662
84481
81504
88049
84654
85294
84853
89416
83766
89934
84410
88403
88252
83452
87854
85551
82347
85552
87673
87385
87742
88095
84451
80528
86926
89411
84322
88581
82848
89913
80052
86748
86610
80771
84165
80334
83976
85003
84222
89766
88363
88232
84934
86564
82685
84562
89112
81850
84915
81588
89656
81358
82586
87339
87726
88713
89530
81151
88078
81753
84170
89904
81095
85073
82375
80839
82506
85623
89518
82259
85993
87217
85702
83823
80917
84081
85387
88838
87281
83223
87579
82013
82680
80311
85644
87430
81477
84007
86389
83182
84755
89251
86517
81068
80660
80865
80835
82004
88706
85028
80648
80424
88312
87661
82662
83810
81394
85574
88426
86741
81194
88342
81836
82337
84682
86320
87564
87851
83853
82925
86397
85273
82029
87403
84416
82313
84882
87641
81725
83871
82305
81281
82987
89209
86503
87381
86426
85438
83682
80177
80139
83640
81609
81118
84588
89975
82959
85273
87944
80461
84836
83471
86610
84763
88171
82057
86679
81292
86786
88066
83353
83187
84825
88742
84430
82345
83000
80870
80820
86571
88626
87173
81789
83104
81772
84145
85105
80344
80039
88133
82608
88404
87419
84210
89833
88289
88536
85463
84303
88940
88098
88651
80815
81193
86888
85912
83672
87747
89778
81158
85148
88674
88341
84124
86707
82694
80466
84648
84486
85473
82044
84689
83379
87531
81293
85842
84706
86011
84561
85657
80871
86515
83549
86947
86705
83480
87837
80439
81236
80177
83285
82631
85534
82287
86460
87513
81952
82252
87572
82932
87621
85104
89567
89827
80359
80310
89024
85270
88294
88345
85258
88347
85452
85140
87684
81246
84327
82342
87855
86632
82995
86417
81876
86357
88755
85009
80873
85870
82453
84693
82123
83324
87659
80293
81036
82280
86701
82247
84734
82179
81172
85190
81209
81299
88000
87844
84165
82776
83412
81624
82583
85466
86200
82926
85740
87901
88583
81970
88976
85415
87664
89295
82864
87627
82966
89517
88583
85893
85885
80801
85290
88100
85018
87656
81058
81219
87257
84103
87581
80401
88327
84085
80239
87096
88004
86014
89337
87656
84623
88816
85411
88189
80716
87492
81305
81064
86588
87276
86418
83383
81493
86799
83976
87991
82696
82292
80507
83140
81151
86883
87756
87813
88791
81244
81238
85864
86487
84504
86324
83660
83644
87184
82313
82687
80060
81163
87282
80723
88217
85199
81691
82595
89485
88350
86682
84300
80845
87817
83811
82306
89699
82174
86549
83236
83083
85736
80310
87810
84184
84899
86992
86919
83428
82679
82055
86997
83626
83425
87009
86509
88653
85641
87867
85266
82976
87265
80581
83546
84969
84344
87770
88555
80404
81040
87168
81616
83762
86168
81121
80682
84108
89045
88194
89230
89099
85358
82487
84431
85467
81923
83636
84589
86763
87795
80594
88282
89508
87973
85314
85387
87024
85115
88222
83207
86157
84155
85972
89325
85874
84466
83392
86444
88274
84305
85777
83503
81964
82702
84686
81662
84914
84619
80309
83337
88951
86289
86068
87439
80827
88932
86668
84189
85502
80723
89043
88448
85641
88844
86780
81356
87667
85735
82516
86287
88729
86216
89515
86584
80850
85098
83197
89359
88224
88087
85721
81786
81113
82293
81908
83702
85161
86551
82763
83108
88026
85844
83633
89211
86224
88627
87676
81016
83804
80612
81677
88142
81073
83659
80542
84575
85946
83820
88778
85318
82728
88300
82174
80571
83107
87119
80523
81965
81989
81602
82726
80650
86432
88466
88918
87568
89365
85254
80316
82129
81076
80114
86473
86682
80486
86527
81278
80659
85134
81502
83643
80103
83487
83927
86132
85379
85710
88331
84977
82312
89325
88137
87882
89753
84360
81615
81838
89606
88514
83255
81738
83733
86615
82997
82033
85839
80256
85886
87868
85421
82832
85119
89208
85176
82439
82114
81279
82894
80086
88342
87365
83774
83484
84905
85427
89355
87341
87587
88345
84819
89508
86973
88662
87272
88605
85607
82632
83811
82798
86648
85108
89670
81330
81467
86334
83532
80050
86787
84076
89248
89745
85518
89678
80593
81365
89269
84614
88468
85383
84671
84895
87990
83479
80109
84302
86298
89498
84236
83819
80572
83187
82728
83879
89762
84629
85139
88071
82837
89462
89433
81816
80963
85008
87788
87173
80977
85224
83618
85436
82747
88062
86384
82445
83575
82246
87760
87672
88668
81724
89972
87028
87879
85177
84719
81078
85421
84777
89007
84904
81059
83149
82396
83184
88402
89968
88739
84243
88362
89945
84286
89803
83565
82111
83196
82941
82589
86221
80966
85389
81239
85907
86054
86700
81789
89731
80052
82050
80064
80709
87195
82493
84605
82061
84668
81308
81717
81955
86226
82783
85174
82825
82968
85227
89587
81500
86757
88320
81989
84807
83743
85985
87067
81574
87726
89903
87659
86043
85663
85520
83619
89584
80563
81923
88957
87281
80179
89324
89292
83498
83471
83063
89084
85838
80635
81003
80838
80035
86629
81999
86563
89302
82632
86709
85102
80371
84592
88452
87665
85065
83163
81025
87851
80621
84683
82442
81801
84167
88586
88422
88695
86789
82671
87096
81772
80420
83951
86892
85277
86435
89515
82871
83308
88292
88732
82837
82391
81774
85465
83526
80806
85533
86498
88842
84183
81441
80316
86709
88669
89012
88570
88414
80121
80643
81096
84506
80184
84738
84189
84299
87871
81930
80981
81797
88323
85558
82248
89476
88766
81305
85725
82785
85415
82492
82120
82425
84018
86901
86395
88539
81071
88187
83619
80780
82344
89963
89698
80898
80293
83470
88644
89958
82165
80342
89693
80603
86186
80476
89529
85872
84051
81239
87171
89996
84171
88319
81649
83334
81562
80435
85499
83143
87126
89793
80326
84234
81159
87704
84211
88727
83359
80077
84555
82111
84356
80673
84139
83574
81843
80914
82607
82217
87753
83825
80373
87146
81605
86253
87044
88666
89144
87888
81834
89876
84702
87816
89177
82772
80334
89332
88756
80668
84689
81579
85515
89193
89862
82198
81862
81445
84993
88633
81243
88956
81261
86990
89528
89063
84113
86416
88263
80987
85041
83859
81710
87478
87050
88771
87839
86237
85054
89792
81943
85483
84895
85832
80390
81011
82400
82047
81186
87898
86971
87191
87464
88590
82543
82559
89812
80536
82463
84340
83434
80764
83801
80535
86522
81821
80936
80855
86958
83369
87870
82966
85476
86392
83654
81302
84735
82426
85552
85298
85444
88556
80132
82338
82604
89987
83344
86965
87234
85934
86809
81994
81519
81299
89061
89028
88225
86152
87277
85599
88446
87366
87146
83640
85259
81942
85972
89341
84711
89535
86842
87561
89708
82476
89741
84922
86847
85189
88883
84461
80988
81323
84195
81307
87478
86155
88873
83219
87315
83837
84277
82017
86268
83936
88004
81964
84992
89374
80937
88962
83496
88353
84305
80068
80019
86144
88349
86286
81269
88712
80051
82835
88311
89088
88570
80196
89940
89093
83524
86089
83308
83605
83061
83254
89743
81860
85776
80416
82281
80496
82984
84114
80208
85994
85562
87260
85112
89967
82687
86167
82375
89363
88105
81620
81829
85051
83294
81086
81365
86502
85861
88559
87716
87292
85809
85742
89326
86042
81948
83264
87242
80049
85652
83460
81316
84354
89391
86875
80645
87272
83045
83100
89143
84536
81869
82812
89420
88090
86151
81943
80710
82329
84111
80832
89527
80086
86391
80845
84902
83071
82605
88533
83599
86578
87845
82648
84559
86289
89797
82536
85932
85794
85157
87318
82565
87026
87431
84076
86558
82258
86856
89795
88597
85511
87203
86224
83185
83270
83505
89012
86578
89275
89385
82460
82292
85799
82593
89089
85358
84302
82590
88839
83165
81674
84590
86149
87685
84333
80338
84466
81173
81403
87066
86755
84980
89910
82592
87508
89066
89467
86305
86427
87974
81277
82920
86464
87579
86469
88308
89234
85738
81721
84450
88941
89147
85955
83623
81920
88146
80469
80294
82633
81003
86284
82890
88552
89306
86741
86580
85746
86456
80385
82542
84159
82013
89054
88785
86607
85640
88758
82547
88345
85739
86380
84507
84649
89521
83570
80635
82356
83223
80264
88358
87537
83446
84196
89898
85554
83186
89505
87139
81635
89033
87058
89196
89812
89211
81492
85948
85555
85680
85113
88271
82776
87332
86803
88405
89004
85493
84840
81991
83478
87372
86173
86642
81666
87915
81084
80631
86291
85559
81419
89232
89336
82843
82594
85611
81679
88471
84441
87714
87042
83532
83632
82604
84742
80841
80887
84883
81373
83067
89471
86424
85009
82266
87584
80507
86742
80690
86163
84611
83484
80359
85351
82638
82817
86778
87417
89131
85386
80372
81278
85173
82834
87764
83930
88094
89599
83850
87078
84838
85036
84771
83040
81921
88270
81337
82622
83259
81940
82273
89041
80852
82569
86678
86250
82270
84690
85558
87010
83232
83048
82960
85954
83148
82191
88276
85509
86471
85619
82628
88057
82907
87271
83883
85999
85107
86581
86818
82458
83349
84596
87243
89333
82866
82721
81437
86074
81002
87550
85204
82162
88160
84917
80039
88561
88641
83828
87411
88627
84910
86263
86038
86923
81531
81947
81163
85160
83132
88163
89283
88115
84069
83421
86605
88781
86178
80382
84547
81230
84988
87809
81022
81711
84063
83530
81964
83379
81784
80381
83551
87668
84786
84959
81957
85869
87532
84607
84082
87696
88053
81535
89689
89773
85749
84216
82647
85879
88331
85284
86579
82496
81485
82040
88078
87787
86630
80367
88929
89440
89281
85370
87228
87011
82937
82376
86190
87369
81182
80059
88547
87631
83720
83420
83915
88578
80455
88084
86293
82983
81398
88976
88927
87461
89175
85807
84177
83557
85218
84991
86759
83581
80357
82658
89721
89397
85425
86199
83888
87857
87781
82463
83131
84836
85161
89139
89806
80948
89185
82141
86955
85936
86993
85850
86476
85449
80990
85011
85343
83470
83497
86709
85204
86002
85208
88418
84165
86802
83792
83406
83461
83910
81721
87917
85802
86524
80466
85518
86711
85378
81569
82731
84889
86189
83778
86663
82768
84960
89430
89722
83798
85999
82575
88712
88724
88321
85946
85594
89150
83802
83823
85041
82998
80927
83066
89549
83154
81241
85173
86281
87529
81750
88062
81138
86046
85412
87473
84565
87666
83590
84387
80521
88435
88888
86638
84736
89787
84132
80045
80863
84826
83446
86802
83493
89179
84315
86619
85101
82129
85362
89152
89957
83241
83134
84644
81801
89428
82622
83370
83626
87523
80474
83471
87335
87805
86893
81087
88202
84653
82063
86292
84101
81509
85621
83278
82267
88694
83166
83498
87018
84252
82087
85989
80277
89961
80102
80019
83021
86938
83797
81336
89857
87844
81210
84823
80774
85589
82030
83166
83874
81672
81330
83229
80342
80780
87926
89318
88263
82158
86442
85204
85039
82357
82933
84872
89074
88471
87530
85309
80182
85738
83996
83329
84739
88457
85292
82449
85974
88580
86314
85102
82008
82068
89793
80106
84244
89093
89035
85270
86549
80527
81655
80197
81279
89813
81726
84976
81686
86263
83903
86250
81458
83100
81979
83403
81248
81174
86046
84034
88929
87158
87009
89737
84997
83238
84516
80325
87051
83875
84574
87023
87637
84012
86050
82969
87821
82258
81099
82345
84855
82081
83127
87896
86027
83757
87326
80223
82377
89963
83056
81264
85334
88273
84366
88667
86529
84533
84823
87387
86055
82133
85483
89768
87262
83500
80285
85610
86805
81823
81487
89280
87125
82962
88831
81808
84785
89762
80057
82069
82167
83606
87100
82655
81918
80919
81872
82869
83234
85560
87851
83340
86560
81553
88888
84254
88650
84464
84613
81889
83011
83862
82615
86224
81747
83776
81177
85759
83559
82838
82747
84348
89226
80872
87576
88870
80286
84118
88993
85845
88832
86964
86612
89728
86344
84108
81471
85549
87300
83385
87564
83818
88950
86180
87499
86144
82075
89268
86164
85925
88820
89232
85150
89607
82762
88181
82442
80541
83254
87392
86417
89250
80787
83725
80543
81035
82621
82157
85338
84303
88256
86662
87128
80731
82455
80763
88935
81417
89471
88599
87435
81584
85894
87070
81317
80036
81100
89768
80639
88595
83689
83747
83798
81030
89457
80943
88572
80634
81508
87054
86388
80504
85883
82033
84433
80851
86761
88006
88497
83215
83700
82385
80586
82317
89675
86208
89213
82487
82714
80352
87030
87070
85845
85148
80002
86053
89742
82138
84663
89235
89983
80247
85183
89739
86145
82488
89932
85367
83101
83440
88029
83390
85836
82242
89970
87700
87843
80586
82839
85973
89749
80298
89826
88447
89203
80499
85849
89251
85237
80030
85884
85831
80351
86884
80317
81954
81374
82687
82079
85002
85788
86961
83638
88858
83656
82822
88005
89504
86568
83084
86848
81687
84048
83289
80520
81461
84807
86122
89359
81247
84880
89841
82956
81146
87205
81914
84283
82714
87554
87875
88514
89088
89806
84561
82192
88485
89548
86360
86979
86392
88731
82873
83667
85506
85675
86486
86321
81433
84104
88735
83494
86493
82104
85076
83312
83582
86891
88693
81846
86962
84090
85297
89745
87136
80898
82553
80310
82469
80904
89708
83360
81116
84634
85271
83115
83004
83944
83198
85078
83084
80277
80929
86406
83908
86489
85822
86654
87664
89467
80087
80909
85279
86083
88115
85326
82913
88151
84302
85859
84231
83026
83883
84598
80216
85210
84092
84523
86959
80942
88045
82723
85866
82091
89148
84175
80007
87908
89535
83009
84993
83173
82075
85883
82645
89111
81826
82543
81006
89088
89452
81948
84789
84523
86103
88438
86212
87741
86505
81350
87367
87555
84628
83193
81775
80224
84170
86059
84538
83181
84330
83288
87688
81384
89852
83558
89696
86500
83174
87595
85904
87253
85656
83419
89656
85213
84330
84718
82307
84067
80383
88305
83947
81991
85690
80864
85681
86106
84079
82236
88619
85224
84776
82337
84335
82083
86434
81468
86488
89100
81570
89270
83563
82299
82803
85844
88214
86522
84310
89684
89584
81300
84160
80968
81152
80811
85786
85487
88145
83261
89752
84048
85370
84699
80183
84501
88434
89817
83760
88765
88750
87562
83005
85136
85480
82576
89747
87021
85602
84387
89117
82793
86698
85038
89181
87904
85682
82450
86448
89615
80745
81139
82828
86742
83048
84167
85397
81675
89347
80162
86297
89585
86653
87109
86467
80215
85268
80222
83537
80963
87106
84653
81189
86017
82079
85077
84561
85285
86490
83242
83850
88534
83896
81460
86195
84722
80683
84734
84086
83863
85745
86686
87141
88916
86062
84819
82858
88168
87725
88746
81142
84395
85035
80977
86874
85655
88626
83624
84530
84012
87294
85948
88976
82700
87172
87046
86963
89284
86213
85204
84536
82233
81555
80412
86625
80972
82297
89394
86408
84975
80408
83120
83683
85749
88111
85224
83468
86635
80904
86009
88295
89327
81584
80780
80282
82665
82131
83163
81946
88869
87116
83732
87939
84677
84407
81783
83417
80057
86398
83436
88594
85120
87705
82362
83162
86657
83355
80373
88757
89326
84846
83899
82390
82939
80136
88926
88868
86513
87634
81358
85639
81799
83550
81969
89185
83864
86582
85118
88128
83939
83879
88227
84552
80268
87406
84631
81685
85945
80468
85911
83058
88837
89944
81011
85528
87639
81018
88578
86137
89787
87669
85795
80694
81527
83981
81714
80152
87798
88459
85585
89413
89712
85989
80998
81998
80450
89777
84808
83198
86127
88717
85738
83759
86831
83948
81325
85956
84422
82101
83454
83969
87924
81674
82096
80905
84377
83323
84069
85500
82876
84461
88653
82576
82175
83474
84709
82639
87743
89133
84588
87709
82401
86321
88567
82362
85828
80068
89794
81310
82104
86071
83823
87379
81188
87355
88675
86678
89792
83571
81082
80959
89442
81505
82064
80671
84692
82836
80323
86092
82453
87906
85067
88020
84139
82334
80823
84022
86011
86665
85563
80967
89440
87934
80035
89690
82097
86015
80581
83019
83076
86935
89904
84119
89845
89946
80291
88110
82566
85090
81582
86299
81794
83222
81829
88957
88886
81032
82043
89590
84535
89450
87675
80897
89749
85030
88543
80192
85358
80372
85830
80004
80636
81478
89434
87725
88999
87028
81503
86762
88908
87027
82281
80444
81074
85971
82533
89093
88852
88795
82777
80152
87332
86185
83287
81018
88025
89542
80428
84317
80299
84881
84249
85762
87732
89244
89475
85465
87431
82828
87026
84559
83003
84973
86043
80369
87372
82379
87005
84982
89905
83494
84991
84071
83418
83874
88387
85053
80562
83503
82425
86294
85796
88558
88808
81953
88716
86901
82377
80263
86847
88703
83306
86599
81182
81047
88598
86486
85723
88083
89822
87885
83066
86376
84961
86528
81701
88466
80997
82875
87073
86309
80451
84326
87713
80301
89463
81746
89777
88870
87197
85069
88183
88242
86375
88748
80193
81925
82554
84200
87798
84698
85402
82998
88505
86446
88682
81564
80286
87049
86896
85370
85305
84727
85625
88247
88824
86713
89489
80298
84188
82962
86340
86148
82163
80707
88811
83747
83065
80094
84674
82820
83086
88895
85588
81183
82033
87354
89761
86619
88280
82549
87828
81785
88161
85407
82799
89694
81252
82424
84323
87731
80045
88513
84714
88875
82357
86986
89200
89812
87480
87615
85655
86977
82575
83970
89743
83193
84095
86779
89819
89574
80104
80925
82214
89581
83320
89888
81580
84770
81397
82914
82898
84612
80518
87017
81382
86023
80736
88035
84102
81740
86642
82385
82395
80538
84936
83917
87331
86405
81267
88315
81397
88292
82293
80868
88366
86790
85355
82112
89856
89212
87370
89835
81482
89933
86589
85263
83709
88555
85729
85829
82512
84510
82647
86891
82779
83024
85202
89999
83008
84043
80251
85854
83346
82660
82809
85999
80203
86865
80351
88428
89823
86055
88922
88831
80017
81586
82299
80968
84012
88917
82780
86808
82824
89388
82350
89476
82943
88526
85950
89823
84212
86912
84362
80473
88739
89128
82843
89564
85460
86038
83026
80109
86506
85799
89877
89863
80956
89344
82491
80913
88715
86825
87404
87825
82291
82533
85737
88093
87061
87120
80984
88911
81245
87622
82533
89814
85263
87751
81123
81633
86400
83168
86348
88357
88791
89076
83063
80031
80600
80336
83056
81576
89995
87557
80744
84591
88992
86096
86790
86570
89611
88784
81516
84770
89867
87320
80800
89976
88122
81731
80722
88796
83032
82098
83659
81814
82945
81812
87747
88895
82938
87034
83675
82270
89933
82749
87629
82624
86293
81825
86860
83365
80155
89813
84846
83470
86380
84916
86299
89894
85437
89457
88363
86363
88819
86509
83286
86570
88643
82900
89560
86298
85983
87719
83065
80774
87167
83679
87129
80699
89807
87169
80535
82830
80613
81735
85548
88708
85217
88813
83762
88226
86149
89046
86226
83057
88893
87272
85668
88678
87496
84359
82934
82689
80610
89472
86722
81469
86039
87061
85610
86789
86863
83884
84008
88967
85040
82729
89145
83388
89031
81135
84511
82736
80416
85383
86255
88215
80769
82299
82972
89156
84070
84004
86034
81944
81895
83644
87164
85977
88248
83339
82296
86516
88465
89132
85948
81693
81900
81538
88299
83689
81280
84456
87949
82182
82515
89665
86965
81482
87554
88903
81210
81505
89419
80612
88185
86688
82954
83837
86678
86287
87000
87471
87319
84101
83753
89086
80867
85591
88840
83887
81484
85639
81320
81026
85555
80698
86242
81438
82747
85013
83665
88645
84861
81712
87106
81586
89808
86118
81276
86384
82562
80399
83655
82229
82280
85804
86971
85036
84992
81181
89969
81399
84173
84185
81986
84505
87382
84681
82811
83142
85677
88164
83037
84694
83991
80763
81727
83121
84850
86328
87567
83325
84870
80453
86883
83981
83307
85879
86926
81990
84630
88668
85629
83010
82520
84770
89687
84186
81048
82172
81259
87151
89821
84695
89839
81672
83868
89653
89941
82875
85714
83124
87084
87890
86656
83363
84311
80988
86607
85016
88954
89776
87042
84214
84677
88887
89539
87398
86989
81726
83228
84745
81340
85310
88041
82464
81688
88016
87087
86894
83993
85125
80695
87354
83473
82471
86717
83959
86673
84194
86523
81289
89377
86651
83808
88685
89251
86840
83785
83214
87703
80373
83653
81891
88931
80982
81303
85625
85358
80827
88181
88528
87737
88446
83907
82726
85110
89104
84841
80612
84461
80514
86097
83606
82474
85399
86698
88923
82054
81243
80539
83572
84476
86697
81601
87899
83929
83585
80486
89326
84994
83224
80749
80632
85167
85864
87716
86133
83934
82450
89544
83377
87079
88630
80118
87654
89939
81937
86043
81495
86125
84446
85489
81606
88877
84818
84891
81246
80653
85635
80682
86904
82828
84198
87070
84332
81436
87532
87675
80470
86790
85269
88323
84623
84485
87277
80685
84348
82842
86419
81600
88962
87115
80694
80907
86306
83985
83131
81380
86477
80744
82286
88008
89587
82389
80966
80222
83310
86388
85891
89951
89964
89263
86401
80393
82169
81351
86038
85261
80774
86097
86838
85924
88630
88064
82541
84337
89088
89477
83541
82954
88594
88562
83371
88913
88685
84215
83823
88704
83816
80576
83336
81259
87989
82018
81244
81933
84921
83707
88631
87230
83642
85423
85129
80235
83820
86673
89767
89774
82867
89214
83183
82024
89938
89095
87943
81981
80291
84069
83497
83553
87175
83793
82387
81291
87392
89638
84732
83834
81001
88092
88706
88953
85229
86805
85777
82792
87616
85084
80793
81344
83629
81334
88660
80517
89575
88350
81318
82240
82481
83650
81002
87962
84800
86098
88346
87654
83317
81959
86814
81937
88388
83209
88128
87328
81830
88458
86915
89756
89134
82151
86599
89488
84502
80834
82763
81377
85180
86259
84612
87968
85003
83806
89991
89403
85700
81336
84471
83295
88521
87913
80433
89782
88051
84068
87776
81840
84700
85291
83928
88561
82280
88217
87137
89642
82332
84662
83705
82550
87421
82076
86787
80000
81482
80247
81612
84243
86489
83168
89641
86434
81204
81859
82004
83850
89580
88645
80828
85124
83507
85870
85563
83787
87004
82391
80249
83421
86751
89302
86848
83487
86847
82283
89186
83534
84116
81759
81857
84864
83897
83593
88516
82999
85324
82430
84392
81306
89327
87024
88556
86019
82275
81877
82523
85525
83068
82323
83085
82297
81751
80864
88931
84131
83271
80982
82581
82440
80868
80915
81419
89283
89781
83979
84211
81554
83426
83860
82392
80247
81036
83053
88614
85125
87834
80079
88579
80245
86300
86476
86015
83784
89758
87672
84798
86417
87650
82802
86708
86061
85169
87288
88045
83269
88630
88580
83457
80733
81959
89833
80706
82442
88978
88493
85832
82860
80766
86786
84168
84170
87355
88905
89046
80119
88200
85350
86628
88260
86480
88299
82312
88527
88115
83166
81389
84963
87581
80571
84267
89169
89101
89812
84422
88579
83589
89667
85503
80014
88852
84815
82498
89142
82978
86532
80740
89440
88585
84411
85663
80055
88671
81852
85684
80557
83160
81764
80364
82000
88925
80564
86105
87929
85079
87881
81992
86006
89603
86611
89179
80810
83020
82956
88152
80991
89758
88918
89629
89474
88068
80346
86437
83667
84938
82067
85707
83765
83316
87933
83001
81125
85117
87640
82549
85444
84995
84084
80713
88980
86685
84727
82958
88458
85791
87929
88193
80406
80394
80546
88131
83714
83525
86208
83502
83929
89681
84676
83394
87470
80852
81381
88793
80311
86286
82872
86461
84938
84145
88258
84702
81407
82568
88929
88277
83211
82230
88854
85764
86302
82448
85585
88965
80101
88128
87706
80659
82631
85374
87941
83928
88000
89488
82379
83559
83383
80246
85352
87647
84366
85842
86378
85375
82086
88689
80296
85203
82925
83386
84207
86194
81691
89612
85178
84067
82208
80413
80788
82688
85018
89449
80546
81206
80501
89093
89975
86791
87131
85004
80711
83029
88838
81739
89388
84431
82458
88318
85223
88222
86111
82249
81287
85602
82047
85462
87206
86009
82918
85855
81729
89571
88786
83676
82008
84878
83241
82884
82710
81508
80934
83771
82153
89306
85558
84651
84542
89321
86842
87201
87070
84533
87496
82187
88180
81997
86184
89722
88573
81913
80611
80939
89723
83227
85568
86057
85568
89889
84417
87122
81828
86613
88879
82472
83973
88125
81250
83877
89244
81236
85190
86686
80313
84836
86076
87903
88216
88887
89615
87018
89973
89864
87840
89734
81967
86736
84939
85200
83598
88519
81465
83310
86989
81742
84375
89755
87587
83742
82092
83021
87381
85578
88318
89367
87192
86627
85675
88873
86939
81377
80428
88146
83173
87833
82515
82961
81249
86069
80900
87212
85496
84923
82861
82889
84485
84621
87279
89498
80052
83192
86148
80318
88165
84944
85663
87209
86866
89984
88001
85302
81566
84775
87651
83825
80782
85084
81587
89572
86038
84316
80878
85080
88094
82178
82434
84435
87948
80918
83510
85826
85100
88953
88299
81453
87470
84601
85519
82192
87061
85863
88203
86565
82949
85698
82124
80958
88531
86101
87225
80816
83071
88417
87222
80558
88549
81815
86168
83359
81567
86597
87170
80614
86655
84112
87674
84883
81668
80465
87782
89439
88218
86883
82926
82155
80040
85671
89868
81396
80045
86992
85502
86816
82441
88385
81189
88547
89749
85867
81508
84101
85799
82770
85165
83499
84862
80033
87583
89662
83968
89583
89199
82853
80148
80625
80870
85135
86855
87232
87952
83190
84121
84415
87572
85635
85183
89042
89447
83988
88215
81407
89173
84830
85583
83053
84321
84391
84613
86521
87948
85760
83254
83106
81104
83254
81180
85415
85846
88079
81933
82537
82863
84360
84502
86989
83356
84858
83366
84241
83064
81237
84497
87590
87453
84639
81049
83418
81004
88481
86572
84486
80234
86890
85426
81772
89673
89011
89809
88622
82331
81524
80302
84463
81377
89148
82153
89210
87723
85654
82677
83598
89002
85958
86074
85193
89027
83245
80738
84548
83240
83753
80698
81115
84881
85824
87231
83882
88655
89176
88852
87442
83525
84914
87941
80211
83925
86779
80035
87869
89169
89354
87509
81719
84115
89502
82761
88657
80259
83183
87309
86687
85334
80989
82274
87533
81238
82221
82606
85780
84630
89123
82094
82195
81911
80049
88743
87409
80466
82722
80384
80967
81000
86525
88554
89930
81639
85797
84602
80628
83010
84504
85753
86997
84989
86285
80430
88970
89991
82944
81516
84830
84740
88677
83439
82114
82307
87034
83977
82715
88850
82452
84480
89132
85016
88534
82882
80504
80189
80729
82274
88998
88946
81975
84109
89410
82924
86058
89169
87429
88095
84887
81288
84895
86945
82755
88562
83635
87425
82721
84252
82924
85696
87703
84931
89531
87687
81631
86539
83389
85251
84025
89986
86444
86341
84774
86673
86984
84995
84552
80894
86849
86208
80295
80455
84318
82758
84495
89058
81187
85928
81661
83981
88568
89753
85235
80440
82293
88841
83512
89627
85440
83178
83644
80883
82473
89385
88687
89713
86751
86814
83855
82428
80774
88624
84586
85087
86397
82492
80895
89093
80488
82987
89551
88340
80020
87773
88090
83084
89418
82842
82399
83894
82144
87682
82656
84940
87959
89991
80806
89680
87076
80865
86403
83549
82517
85697
86676
87633
82364
83009
80946
84554
84331
83333
89177
82734
86100
82881
89351
88093
86199
